# Silicon Experimental X-ray Diffraction
# 2theta  Intensity
5.00	27
5.01	22
5.02	20
5.03	27
5.04	22
5.05	22
5.06	24
5.07	27
5.08	27
5.09	32
5.10	23
5.11	23
5.12	26
5.13	26
5.14	25
5.15	22
5.16	21
5.17	18
5.18	24
5.19	30
5.20	30
5.21	27
5.22	22
5.23	25
5.24	24
5.25	26
5.26	22
5.27	31
5.28	29
5.29	21
5.30	22
5.31	31
5.32	20
5.33	21
5.34	28
5.35	29
5.36	29
5.37	25
5.38	31
5.39	23
5.40	30
5.41	20
5.42	22
5.43	26
5.44	22
5.45	28
5.46	18
5.47	39
5.48	27
5.49	22
5.50	21
5.51	33
5.52	20
5.53	20
5.54	24
5.55	25
5.56	23
5.57	24
5.58	21
5.59	18
5.60	22
5.61	18
5.62	18
5.63	26
5.64	43
5.65	23
5.66	27
5.67	26
5.68	23
5.69	29
5.70	23
5.71	26
5.72	26
5.73	31
5.74	25
5.75	20
5.76	23
5.77	34
5.78	21
5.79	33
5.80	19
5.81	29
5.82	15
5.83	23
5.84	32
5.85	24
5.86	34
5.87	38
5.88	29
5.89	33
5.90	24
5.91	23
5.92	21
5.93	27
5.94	30
5.95	23
5.96	29
5.97	31
5.98	24
5.99	30
6.00	26
6.01	31
6.02	24
6.03	27
6.04	23
6.05	27
6.06	24
6.07	32
6.08	39
6.09	21
6.10	37
6.11	30
6.12	39
6.13	32
6.14	34
6.15	29
6.16	32
6.17	22
6.18	29
6.19	30
6.20	40
6.21	24
6.22	32
6.23	29
6.24	41
6.25	33
6.26	30
6.27	29
6.28	44
6.29	36
6.30	20
6.31	29
6.32	37
6.33	25
6.34	29
6.35	37
6.36	29
6.37	19
6.38	24
6.39	34
6.40	28
6.41	28
6.42	26
6.43	34
6.44	31
6.45	29
6.46	24
6.47	30
6.48	21
6.49	28
6.50	25
6.51	39
6.52	25
6.53	33
6.54	22
6.55	39
6.56	21
6.57	27
6.58	20
6.59	30
6.60	15
6.61	17
6.62	29
6.63	27
6.64	28
6.65	33
6.66	32
6.67	18
6.68	26
6.69	28
6.70	26
6.71	22
6.72	29
6.73	22
6.74	27
6.75	33
6.76	25
6.77	26
6.78	27
6.79	25
6.80	22
6.81	27
6.82	18
6.83	17
6.84	13
6.85	17
6.86	23
6.87	18
6.88	16
6.89	25
6.90	18
6.91	23
6.92	13
6.93	15
6.94	20
6.95	21
6.96	13
6.97	25
6.98	21
6.99	29
7.00	19
7.01	22
7.02	12
7.03	15
7.04	20
7.05	24
7.06	28
7.07	27
7.08	17
7.09	15
7.10	20
7.11	24
7.12	15
7.13	6
7.14	16
7.15	16
7.16	13
7.17	20
7.18	18
7.19	15
7.20	17
7.21	17
7.22	12
7.23	19
7.24	16
7.25	19
7.26	12
7.27	16
7.28	23
7.29	16
7.30	24
7.31	9
7.32	20
7.33	13
7.34	7
7.35	18
7.36	15
7.37	13
7.38	10
7.39	15
7.40	9
7.41	7
7.42	14
7.43	9
7.44	11
7.45	20
7.46	9
7.47	21
7.48	22
7.49	23
7.50	15
7.51	18
7.52	15
7.53	16
7.54	19
7.55	19
7.56	17
7.57	12
7.58	18
7.59	18
7.60	8
7.61	19
7.62	23
7.63	13
7.64	18
7.65	18
7.66	26
7.67	16
7.68	20
7.69	15
7.70	13
7.71	16
7.72	17
7.73	14
7.74	19
7.75	6
7.76	8
7.77	18
7.78	16
7.79	16
7.80	22
7.81	12
7.82	13
7.83	15
7.84	19
7.85	7
7.86	16
7.87	9
7.88	17
7.89	5
7.90	14
7.91	12
7.92	18
7.93	14
7.94	10
7.95	14
7.96	15
7.97	18
7.98	14
7.99	17
8.00	11
8.01	16
8.02	15
8.03	15
8.04	18
8.05	16
8.06	15
8.07	13
8.08	12
8.09	17
8.10	12
8.11	14
8.12	14
8.13	12
8.14	15
8.15	13
8.16	16
8.17	21
8.18	9
8.19	18
8.20	12
8.21	14
8.22	17
8.23	14
8.24	19
8.25	16
8.26	12
8.27	10
8.28	13
8.29	15
8.30	14
8.31	12
8.32	20
8.33	14
8.34	17
8.35	12
8.36	12
8.37	14
8.38	14
8.39	11
8.40	19
8.41	13
8.42	12
8.43	11
8.44	10
8.45	12
8.46	11
8.47	14
8.48	11
8.49	13
8.50	9
8.51	8
8.52	18
8.53	23
8.54	11
8.55	14
8.56	9
8.57	13
8.58	13
8.59	15
8.60	15
8.61	8
8.62	11
8.63	8
8.64	17
8.65	11
8.66	10
8.67	16
8.68	13
8.69	18
8.70	13
8.71	16
8.72	11
8.73	6
8.74	12
8.75	14
8.76	11
8.77	21
8.78	15
8.79	13
8.80	12
8.81	5
8.82	11
8.83	15
8.84	12
8.85	20
8.86	13
8.87	12
8.88	15
8.89	15
8.90	15
8.91	12
8.92	9
8.93	12
8.94	15
8.95	13
8.96	12
8.97	14
8.98	15
8.99	13
9.00	15
9.01	18
9.02	12
9.03	10
9.04	19
9.05	17
9.06	16
9.07	10
9.08	11
9.09	15
9.10	13
9.11	8
9.12	9
9.13	12
9.14	12
9.15	16
9.16	11
9.17	11
9.18	14
9.19	14
9.20	12
9.21	9
9.22	7
9.23	16
9.24	13
9.25	17
9.26	8
9.27	14
9.28	13
9.29	12
9.30	8
9.31	12
9.32	11
9.33	15
9.34	8
9.35	17
9.36	16
9.37	9
9.38	17
9.39	12
9.40	15
9.41	10
9.42	12
9.43	15
9.44	6
9.45	9
9.46	13
9.47	12
9.48	9
9.49	16
9.50	12
9.51	15
9.52	14
9.53	7
9.54	16
9.55	16
9.56	16
9.57	17
9.58	11
9.59	13
9.60	23
9.61	16
9.62	13
9.63	13
9.64	14
9.65	10
9.66	17
9.67	15
9.68	10
9.69	9
9.70	11
9.71	17
9.72	17
9.73	13
9.74	23
9.75	20
9.76	20
9.77	18
9.78	17
9.79	13
9.80	15
9.81	11
9.82	14
9.83	9
9.84	15
9.85	23
9.86	11
9.87	18
9.88	14
9.89	10
9.90	18
9.91	14
9.92	7
9.93	8
9.94	18
9.95	7
9.96	15
9.97	9
9.98	10
9.99	17
10.00	16
10.01	10
10.02	13
10.03	16
10.04	15
10.05	14
10.06	11
10.07	15
10.08	12
10.09	15
10.10	13
10.11	11
10.12	13
10.13	19
10.14	13
10.15	20
10.16	23
10.17	10
10.18	16
10.19	13
10.20	14
10.21	16
10.22	10
10.23	12
10.24	18
10.25	21
10.26	19
10.27	13
10.28	7
10.29	9
10.30	14
10.31	11
10.32	18
10.33	18
10.34	23
10.35	7
10.36	8
10.37	8
10.38	16
10.39	11
10.40	8
10.41	15
10.42	7
10.43	21
10.44	17
10.45	16
10.46	15
10.47	12
10.48	17
10.49	16
10.50	18
10.51	10
10.52	13
10.53	21
10.54	16
10.55	13
10.56	10
10.57	10
10.58	10
10.59	16
10.60	13
10.61	15
10.62	11
10.63	5
10.64	16
10.65	22
10.66	14
10.67	11
10.68	15
10.69	20
10.70	21
10.71	12
10.72	18
10.73	12
10.74	11
10.75	16
10.76	15
10.77	14
10.78	12
10.79	16
10.80	20
10.81	16
10.82	19
10.83	15
10.84	17
10.85	13
10.86	9
10.87	10
10.88	10
10.89	16
10.90	16
10.91	11
10.92	16
10.93	10
10.94	10
10.95	21
10.96	16
10.97	15
10.98	13
10.99	13
11.00	22
11.01	14
11.02	8
11.03	23
11.04	8
11.05	8
11.06	19
11.07	12
11.08	16
11.09	15
11.10	13
11.11	13
11.12	13
11.13	10
11.14	14
11.15	9
11.16	14
11.17	17
11.18	9
11.19	10
11.20	5
11.21	7
11.22	10
11.23	15
11.24	17
11.25	13
11.26	9
11.27	13
11.28	9
11.29	13
11.30	8
11.31	17
11.32	14
11.33	19
11.34	13
11.35	12
11.36	12
11.37	22
11.38	14
11.39	15
11.40	15
11.41	16
11.42	9
11.43	9
11.44	10
11.45	12
11.46	9
11.47	8
11.48	10
11.49	16
11.50	9
11.51	12
11.52	12
11.53	14
11.54	16
11.55	17
11.56	12
11.57	18
11.58	17
11.59	12
11.60	17
11.61	16
11.62	11
11.63	10
11.64	9
11.65	13
11.66	13
11.67	12
11.68	16
11.69	13
11.70	9
11.71	15
11.72	17
11.73	14
11.74	12
11.75	15
11.76	9
11.77	10
11.78	10
11.79	16
11.80	20
11.81	14
11.82	16
11.83	11
11.84	16
11.85	6
11.86	21
11.87	7
11.88	8
11.89	6
11.90	14
11.91	15
11.92	8
11.93	8
11.94	9
11.95	14
11.96	15
11.97	11
11.98	9
11.99	13
12.00	11
12.01	13
12.02	5
12.03	13
12.04	16
12.05	12
12.06	11
12.07	7
12.08	11
12.09	17
12.10	14
12.11	9
12.12	18
12.13	9
12.14	11
12.15	15
12.16	14
12.17	9
12.18	15
12.19	10
12.20	13
12.21	15
12.22	14
12.23	16
12.24	11
12.25	16
12.26	8
12.27	11
12.28	14
12.29	9
12.30	8
12.31	16
12.32	13
12.33	13
12.34	20
12.35	11
12.36	23
12.37	12
12.38	7
12.39	9
12.40	13
12.41	9
12.42	15
12.43	21
12.44	9
12.45	10
12.46	10
12.47	9
12.48	5
12.49	10
12.50	15
12.51	9
12.52	6
12.53	15
12.54	16
12.55	9
12.56	10
12.57	11
12.58	12
12.59	15
12.60	8
12.61	8
12.62	11
12.63	9
12.64	12
12.65	12
12.66	13
12.67	13
12.68	13
12.69	6
12.70	8
12.71	7
12.72	12
12.73	17
12.74	17
12.75	10
12.76	11
12.77	10
12.78	11
12.79	10
12.80	11
12.81	9
12.82	12
12.83	6
12.84	9
12.85	6
12.86	9
12.87	12
12.88	15
12.89	12
12.90	18
12.91	7
12.92	18
12.93	11
12.94	18
12.95	12
12.96	17
12.97	12
12.98	17
12.99	11
13.00	16
13.01	6
13.02	16
13.03	13
13.04	11
13.05	18
13.06	9
13.07	12
13.08	11
13.09	15
13.10	15
13.11	6
13.12	17
13.13	9
13.14	3
13.15	12
13.16	13
13.17	8
13.18	11
13.19	5
13.20	13
13.21	8
13.22	10
13.23	11
13.24	9
13.25	15
13.26	5
13.27	16
13.28	8
13.29	10
13.30	3
13.31	9
13.32	10
13.33	14
13.34	12
13.35	8
13.36	14
13.37	12
13.38	10
13.39	6
13.40	8
13.41	15
13.42	9
13.43	10
13.44	12
13.45	16
13.46	8
13.47	8
13.48	10
13.49	18
13.50	10
13.51	10
13.52	10
13.53	6
13.54	6
13.55	7
13.56	9
13.57	15
13.58	13
13.59	15
13.60	9
13.61	11
13.62	13
13.63	10
13.64	10
13.65	11
13.66	9
13.67	9
13.68	17
13.69	9
13.70	6
13.71	10
13.72	14
13.73	7
13.74	7
13.75	8
13.76	6
13.77	13
13.78	9
13.79	12
13.80	10
13.81	8
13.82	18
13.83	5
13.84	12
13.85	11
13.86	9
13.87	10
13.88	14
13.89	8
13.90	9
13.91	11
13.92	11
13.93	9
13.94	13
13.95	7
13.96	13
13.97	8
13.98	11
13.99	11
14.00	11
14.01	12
14.02	12
14.03	7
14.04	14
14.05	4
14.06	8
14.07	12
14.08	8
14.09	12
14.10	7
14.11	12
14.12	10
14.13	10
14.14	12
14.15	14
14.16	8
14.17	13
14.18	7
14.19	8
14.20	7
14.21	11
14.22	6
14.23	8
14.24	10
14.25	7
14.26	11
14.27	8
14.28	9
14.29	8
14.30	13
14.31	15
14.32	12
14.33	11
14.34	8
14.35	17
14.36	13
14.37	16
14.38	6
14.39	7
14.40	11
14.41	5
14.42	9
14.43	9
14.44	9
14.45	9
14.46	10
14.47	7
14.48	13
14.49	8
14.50	8
14.51	17
14.52	13
14.53	7
14.54	11
14.55	16
14.56	10
14.57	5
14.58	8
14.59	12
14.60	11
14.61	6
14.62	9
14.63	15
14.64	12
14.65	11
14.66	6
14.67	5
14.68	11
14.69	7
14.70	14
14.71	6
14.72	12
14.73	10
14.74	15
14.75	9
14.76	8
14.77	4
14.78	11
14.79	11
14.80	6
14.81	8
14.82	10
14.83	13
14.84	11
14.85	14
14.86	9
14.87	9
14.88	14
14.89	11
14.90	9
14.91	6
14.92	13
14.93	12
14.94	10
14.95	16
14.96	5
14.97	8
14.98	13
14.99	6
15.00	10
15.01	10
15.02	4
15.03	17
15.04	8
15.05	10
15.06	9
15.07	13
15.08	12
15.09	9
15.10	8
15.11	7
15.12	8
15.13	9
15.14	7
15.15	16
15.16	11
15.17	5
15.18	6
15.19	13
15.20	13
15.21	10
15.22	10
15.23	10
15.24	9
15.25	10
15.26	14
15.27	9
15.28	10
15.29	8
15.30	10
15.31	10
15.32	14
15.33	8
15.34	8
15.35	8
15.36	8
15.37	7
15.38	9
15.39	11
15.40	9
15.41	9
15.42	14
15.43	14
15.44	15
15.45	11
15.46	11
15.47	12
15.48	9
15.49	10
15.50	9
15.51	11
15.52	11
15.53	7
15.54	8
15.55	9
15.56	9
15.57	13
15.58	11
15.59	11
15.60	8
15.61	12
15.62	10
15.63	8
15.64	12
15.65	14
15.66	11
15.67	11
15.68	7
15.69	11
15.70	6
15.71	12
15.72	8
15.73	9
15.74	6
15.75	13
15.76	8
15.77	8
15.78	12
15.79	6
15.80	17
15.81	8
15.82	5
15.83	10
15.84	10
15.85	9
15.86	6
15.87	9
15.88	9
15.89	12
15.90	13
15.91	4
15.92	3
15.93	8
15.94	8
15.95	7
15.96	7
15.97	8
15.98	11
15.99	9
16.00	12
16.01	10
16.02	4
16.03	13
16.04	7
16.05	7
16.06	12
16.07	14
16.08	6
16.09	9
16.10	10
16.11	15
16.12	7
16.13	8
16.14	10
16.15	14
16.16	12
16.17	10
16.18	18
16.19	8
16.20	13
16.21	7
16.22	7
16.23	7
16.24	11
16.25	5
16.26	8
16.27	13
16.28	16
16.29	11
16.30	12
16.31	12
16.32	2
16.33	8
16.34	15
16.35	7
16.36	7
16.37	14
16.38	6
16.39	7
16.40	16
16.41	7
16.42	8
16.43	13
16.44	13
16.45	11
16.46	6
16.47	7
16.48	8
16.49	10
16.50	12
16.51	10
16.52	8
16.53	10
16.54	9
16.55	12
16.56	9
16.57	12
16.58	15
16.59	9
16.60	9
16.61	6
16.62	7
16.63	12
16.64	13
16.65	11
16.66	8
16.67	13
16.68	8
16.69	6
16.70	4
16.71	8
16.72	12
16.73	16
16.74	11
16.75	15
16.76	12
16.77	7
16.78	9
16.79	6
16.80	5
16.81	10
16.82	12
16.83	5
16.84	12
16.85	6
16.86	9
16.87	11
16.88	4
16.89	7
16.90	10
16.91	6
16.92	12
16.93	9
16.94	7
16.95	8
16.96	6
16.97	11
16.98	12
16.99	9
17.00	11
17.01	8
17.02	10
17.03	10
17.04	6
17.05	14
17.06	12
17.07	9
17.08	11
17.09	8
17.10	12
17.11	3
17.12	9
17.13	17
17.14	10
17.15	12
17.16	10
17.17	6
17.18	13
17.19	11
17.20	4
17.21	14
17.22	11
17.23	14
17.24	8
17.25	13
17.26	4
17.27	11
17.28	7
17.29	15
17.30	5
17.31	6
17.32	8
17.33	7
17.34	8
17.35	9
17.36	11
17.37	12
17.38	10
17.39	6
17.40	11
17.41	8
17.42	3
17.43	6
17.44	13
17.45	8
17.46	6
17.47	13
17.48	15
17.49	6
17.50	6
17.51	13
17.52	13
17.53	12
17.54	12
17.55	15
17.56	12
17.57	6
17.58	11
17.59	12
17.60	6
17.61	9
17.62	10
17.63	10
17.64	13
17.65	7
17.66	9
17.67	8
17.68	7
17.69	10
17.70	13
17.71	10
17.72	15
17.73	11
17.74	10
17.75	11
17.76	7
17.77	8
17.78	8
17.79	6
17.80	7
17.81	5
17.82	11
17.83	11
17.84	5
17.85	3
17.86	11
17.87	6
17.88	7
17.89	10
17.90	9
17.91	8
17.92	8
17.93	12
17.94	10
17.95	10
17.96	8
17.97	8
17.98	6
17.99	11
18.00	12
18.01	10
18.02	7
18.03	9
18.04	8
18.05	7
18.06	5
18.07	15
18.08	7
18.09	12
18.10	6
18.11	10
18.12	7
18.13	7
18.14	6
18.15	8
18.16	4
18.17	16
18.18	5
18.19	12
18.20	4
18.21	10
18.22	10
18.23	10
18.24	4
18.25	11
18.26	9
18.27	8
18.28	13
18.29	8
18.30	9
18.31	11
18.32	11
18.33	10
18.34	5
18.35	13
18.36	10
18.37	9
18.38	4
18.39	7
18.40	7
18.41	6
18.42	11
18.43	7
18.44	10
18.45	10
18.46	5
18.47	4
18.48	10
18.49	3
18.50	8
18.51	15
18.52	7
18.53	6
18.54	13
18.55	7
18.56	9
18.57	11
18.58	15
18.59	11
18.60	17
18.61	14
18.62	12
18.63	6
18.64	6
18.65	5
18.66	10
18.67	10
18.68	8
18.69	12
18.70	10
18.71	8
18.72	7
18.73	8
18.74	12
18.75	13
18.76	11
18.77	7
18.78	7
18.79	12
18.80	9
18.81	7
18.82	5
18.83	4
18.84	11
18.85	4
18.86	6
18.87	11
18.88	11
18.89	8
18.90	10
18.91	4
18.92	12
18.93	5
18.94	10
18.95	7
18.96	4
18.97	9
18.98	9
18.99	7
19.00	7
19.01	5
19.02	8
19.03	6
19.04	5
19.05	11
19.06	9
19.07	11
19.08	8
19.09	9
19.10	7
19.11	9
19.12	13
19.13	7
19.14	8
19.15	10
19.16	9
19.17	13
19.18	4
19.19	9
19.20	10
19.21	5
19.22	14
19.23	8
19.24	10
19.25	9
19.26	11
19.27	7
19.28	5
19.29	12
19.30	10
19.31	7
19.32	7
19.33	14
19.34	5
19.35	6
19.36	8
19.37	8
19.38	4
19.39	10
19.40	9
19.41	9
19.42	14
19.43	12
19.44	9
19.45	9
19.46	7
19.47	9
19.48	9
19.49	9
19.50	13
19.51	5
19.52	10
19.53	11
19.54	8
19.55	9
19.56	10
19.57	12
19.58	8
19.59	9
19.60	12
19.61	6
19.62	12
19.63	6
19.64	11
19.65	12
19.66	9
19.67	11
19.68	10
19.69	6
19.70	10
19.71	14
19.72	12
19.73	14
19.74	9
19.75	5
19.76	11
19.77	11
19.78	12
19.79	7
19.80	7
19.81	9
19.82	10
19.83	4
19.84	12
19.85	7
19.86	7
19.87	14
19.88	9
19.89	13
19.90	9
19.91	5
19.92	9
19.93	6
19.94	8
19.95	8
19.96	7
19.97	11
19.98	10
19.99	8
20.00	8
20.01	10
20.02	11
20.03	9
20.04	6
20.05	8
20.06	14
20.07	11
20.08	18
20.09	5
20.10	9
20.11	8
20.12	8
20.13	9
20.14	8
20.15	4
20.16	13
20.17	18
20.18	6
20.19	9
20.20	5
20.21	10
20.22	9
20.23	9
20.24	4
20.25	9
20.26	9
20.27	3
20.28	8
20.29	14
20.30	8
20.31	5
20.32	9
20.33	10
20.34	10
20.35	6
20.36	11
20.37	15
20.38	7
20.39	10
20.40	6
20.41	10
20.42	5
20.43	10
20.44	4
20.45	10
20.46	9
20.47	8
20.48	9
20.49	10
20.50	10
20.51	12
20.52	10
20.53	14
20.54	14
20.55	8
20.56	6
20.57	8
20.58	7
20.59	5
20.60	7
20.61	8
20.62	9
20.63	9
20.64	6
20.65	9
20.66	4
20.67	15
20.68	7
20.69	7
20.70	6
20.71	10
20.72	7
20.73	8
20.74	10
20.75	7
20.76	8
20.77	13
20.78	5
20.79	9
20.80	4
20.81	14
20.82	8
20.83	11
20.84	12
20.85	10
20.86	7
20.87	10
20.88	7
20.89	10
20.90	6
20.91	10
20.92	13
20.93	9
20.94	12
20.95	7
20.96	9
20.97	5
20.98	11
20.99	14
21.00	7
21.01	9
21.02	10
21.03	8
21.04	14
21.05	10
21.06	6
21.07	12
21.08	6
21.09	7
21.10	7
21.11	15
21.12	14
21.13	9
21.14	10
21.15	9
21.16	12
21.17	12
21.18	12
21.19	8
21.20	9
21.21	9
21.22	15
21.23	6
21.24	7
21.25	6
21.26	15
21.27	6
21.28	12
21.29	7
21.30	14
21.31	10
21.32	8
21.33	3
21.34	12
21.35	8
21.36	12
21.37	10
21.38	13
21.39	5
21.40	6
21.41	8
21.42	8
21.43	6
21.44	9
21.45	12
21.46	13
21.47	9
21.48	6
21.49	8
21.50	6
21.51	4
21.52	16
21.53	4
21.54	11
21.55	9
21.56	9
21.57	11
21.58	6
21.59	8
21.60	12
21.61	7
21.62	8
21.63	11
21.64	9
21.65	6
21.66	13
21.67	7
21.68	8
21.69	3
21.70	9
21.71	11
21.72	4
21.73	7
21.74	9
21.75	10
21.76	8
21.77	9
21.78	9
21.79	6
21.80	11
21.81	9
21.82	9
21.83	14
21.84	5
21.85	9
21.86	6
21.87	5
21.88	1
21.89	6
21.90	7
21.91	6
21.92	9
21.93	9
21.94	7
21.95	10
21.96	2
21.97	7
21.98	6
21.99	8
22.00	10
22.01	10
22.02	5
22.03	6
22.04	7
22.05	8
22.06	7
22.07	5
22.08	5
22.09	11
22.10	9
22.11	6
22.12	8
22.13	6
22.14	11
22.15	9
22.16	12
22.17	7
22.18	8
22.19	8
22.20	5
22.21	13
22.22	3
22.23	1
22.24	10
22.25	12
22.26	3
22.27	5
22.28	10
22.29	8
22.30	14
22.31	8
22.32	6
22.33	4
22.34	6
22.35	6
22.36	14
22.37	2
22.38	9
22.39	4
22.40	10
22.41	9
22.42	7
22.43	5
22.44	8
22.45	9
22.46	8
22.47	6
22.48	8
22.49	6
22.50	6
22.51	8
22.52	8
22.53	11
22.54	8
22.55	11
22.56	6
22.57	9
22.58	6
22.59	5
22.60	13
22.61	7
22.62	11
22.63	9
22.64	6
22.65	9
22.66	11
22.67	11
22.68	6
22.69	6
22.70	5
22.71	6
22.72	13
22.73	5
22.74	6
22.75	7
22.76	13
22.77	7
22.78	5
22.79	10
22.80	6
22.81	11
22.82	3
22.83	9
22.84	2
22.85	10
22.86	8
22.87	14
22.88	11
22.89	14
22.90	10
22.91	7
22.92	7
22.93	11
22.94	7
22.95	14
22.96	8
22.97	7
22.98	5
22.99	9
23.00	5
23.01	7
23.02	7
23.03	12
23.04	11
23.05	8
23.06	7
23.07	5
23.08	6
23.09	15
23.10	9
23.11	5
23.12	9
23.13	10
23.14	9
23.15	7
23.16	2
23.17	4
23.18	9
23.19	7
23.20	8
23.21	5
23.22	7
23.23	9
23.24	7
23.25	8
23.26	9
23.27	9
23.28	7
23.29	8
23.30	13
23.31	8
23.32	5
23.33	6
23.34	3
23.35	6
23.36	5
23.37	14
23.38	9
23.39	10
23.40	6
23.41	10
23.42	3
23.43	7
23.44	4
23.45	11
23.46	12
23.47	11
23.48	6
23.49	10
23.50	7
23.51	12
23.52	16
23.53	9
23.54	11
23.55	12
23.56	18
23.57	8
23.58	25
23.59	18
23.60	14
23.61	14
23.62	10
23.63	9
23.64	12
23.65	17
23.66	15
23.67	7
23.68	4
23.69	5
23.70	11
23.71	5
23.72	9
23.73	14
23.74	9
23.75	12
23.76	10
23.77	8
23.78	16
23.79	14
23.80	15
23.81	16
23.82	11
23.83	18
23.84	11
23.85	24
23.86	12
23.87	13
23.88	14
23.89	19
23.90	17
23.91	21
23.92	29
23.93	18
23.94	19
23.95	16
23.96	19
23.97	17
23.98	20
23.99	15
24.00	29
24.01	13
24.02	22
24.03	14
24.04	16
24.05	16
24.06	14
24.07	18
24.08	27
24.09	15
24.10	17
24.11	17
24.12	19
24.13	17
24.14	20
24.15	14
24.16	13
24.17	10
24.18	14
24.19	14
24.20	11
24.21	16
24.22	12
24.23	17
24.24	13
24.25	15
24.26	11
24.27	11
24.28	15
24.29	11
24.30	16
24.31	11
24.32	12
24.33	11
24.34	19
24.35	17
24.36	11
24.37	13
24.38	12
24.39	10
24.40	12
24.41	12
24.42	14
24.43	19
24.44	13
24.45	8
24.46	4
24.47	19
24.48	10
24.49	11
24.50	7
24.51	5
24.52	10
24.53	5
24.54	10
24.55	4
24.56	6
24.57	14
24.58	11
24.59	8
24.60	8
24.61	8
24.62	12
24.63	9
24.64	9
24.65	7
24.66	8
24.67	4
24.68	10
24.69	8
24.70	9
24.71	7
24.72	7
24.73	11
24.74	10
24.75	11
24.76	10
24.77	5
24.78	8
24.79	5
24.80	5
24.81	4
24.82	9
24.83	2
24.84	10
24.85	8
24.86	7
24.87	5
24.88	12
24.89	8
24.90	5
24.91	6
24.92	11
24.93	14
24.94	15
24.95	11
24.96	7
24.97	8
24.98	6
24.99	13
25.00	4
25.01	9
25.02	5
25.03	9
25.04	8
25.05	9
25.06	10
25.07	8
25.08	3
25.09	3
25.10	12
25.11	10
25.12	8
25.13	5
25.14	3
25.15	8
25.16	14
25.17	8
25.18	6
25.19	9
25.20	7
25.21	9
25.22	5
25.23	6
25.24	3
25.25	6
25.26	8
25.27	12
25.28	6
25.29	9
25.30	7
25.31	12
25.32	6
25.33	6
25.34	5
25.35	6
25.36	5
25.37	7
25.38	6
25.39	9
25.40	14
25.41	16
25.42	18
25.43	7
25.44	10
25.45	10
25.46	12
25.47	5
25.48	16
25.49	10
25.50	13
25.51	9
25.52	13
25.53	16
25.54	11
25.55	13
25.56	11
25.57	16
25.58	20
25.59	27
25.60	24
25.61	43
25.62	52
25.63	91
25.64	109
25.65	88
25.66	60
25.67	38
25.68	27
25.69	18
25.70	17
25.71	28
25.72	13
25.73	11
25.74	8
25.75	16
25.76	8
25.77	5
25.78	8
25.79	11
25.80	10
25.81	13
25.82	7
25.83	11
25.84	8
25.85	8
25.86	17
25.87	4
25.88	5
25.89	10
25.90	7
25.91	12
25.92	7
25.93	9
25.94	9
25.95	10
25.96	10
25.97	5
25.98	9
25.99	17
26.00	8
26.01	10
26.02	8
26.03	8
26.04	8
26.05	7
26.06	10
26.07	13
26.08	13
26.09	11
26.10	10
26.11	11
26.12	5
26.13	6
26.14	7
26.15	5
26.16	8
26.17	9
26.18	8
26.19	10
26.20	5
26.21	9
26.22	9
26.23	10
26.24	9
26.25	8
26.26	6
26.27	6
26.28	3
26.29	4
26.30	8
26.31	7
26.32	14
26.33	6
26.34	5
26.35	5
26.36	8
26.37	11
26.38	7
26.39	9
26.40	7
26.41	7
26.42	5
26.43	5
26.44	7
26.45	6
26.46	9
26.47	8
26.48	7
26.49	9
26.50	8
26.51	13
26.52	6
26.53	13
26.54	12
26.55	12
26.56	9
26.57	8
26.58	10
26.59	7
26.60	8
26.61	7
26.62	9
26.63	5
26.64	4
26.65	8
26.66	12
26.67	11
26.68	15
26.69	4
26.70	6
26.71	9
26.72	10
26.73	9
26.74	7
26.75	10
26.76	10
26.77	10
26.78	7
26.79	10
26.80	9
26.81	8
26.82	9
26.83	8
26.84	8
26.85	8
26.86	13
26.87	10
26.88	8
26.89	9
26.90	14
26.91	8
26.92	13
26.93	7
26.94	5
26.95	10
26.96	12
26.97	11
26.98	5
26.99	9
27.00	12
27.01	10
27.02	6
27.03	7
27.04	7
27.05	9
27.06	3
27.07	3
27.08	9
27.09	7
27.10	7
27.11	6
27.12	7
27.13	10
27.14	11
27.15	12
27.16	11
27.17	8
27.18	13
27.19	6
27.20	10
27.21	7
27.22	11
27.23	8
27.24	10
27.25	8
27.26	6
27.27	3
27.28	7
27.29	8
27.30	12
27.31	11
27.32	6
27.33	6
27.34	9
27.35	10
27.36	9
27.37	18
27.38	8
27.39	8
27.40	9
27.41	13
27.42	10
27.43	11
27.44	15
27.45	16
27.46	15
27.47	10
27.48	22
27.49	16
27.50	16
27.51	18
27.52	17
27.53	17
27.54	15
27.55	20
27.56	14
27.57	19
27.58	14
27.59	24
27.60	17
27.61	7
27.62	21
27.63	18
27.64	19
27.65	18
27.66	21
27.67	26
27.68	13
27.69	20
27.70	11
27.71	13
27.72	16
27.73	23
27.74	17
27.75	20
27.76	18
27.77	18
27.78	10
27.79	23
27.80	27
27.81	25
27.82	20
27.83	25
27.84	24
27.85	15
27.86	21
27.87	17
27.88	22
27.89	15
27.90	14
27.91	20
27.92	29
27.93	15
27.94	19
27.95	21
27.96	19
27.97	18
27.98	17
27.99	23
28.00	14
28.01	16
28.02	13
28.03	23
28.04	19
28.05	12
28.06	17
28.07	26
28.08	20
28.09	17
28.10	20
28.11	29
28.12	25
28.13	27
28.14	28
28.15	17
28.16	30
28.17	26
28.18	23
28.19	29
28.20	29
28.21	29
28.22	28
28.23	35
28.24	34
28.25	54
28.26	41
28.27	65
28.28	64
28.29	76
28.30	77
28.31	96
28.32	116
28.33	120
28.34	169
28.35	218
28.36	272
28.37	525
28.38	714
28.39	837
28.40	1108
28.41	1621
28.42	2458
28.43	3116
28.44	3188
28.45	2702
28.46	1880
28.47	1236
28.48	1106
28.49	1285
28.50	1578
28.51	1656
28.52	1362
28.53	961
28.54	543
28.55	291
28.56	191
28.57	143
28.58	107
28.59	102
28.60	83
28.61	92
28.62	80
28.63	78
28.64	52
28.65	54
28.66	48
28.67	47
28.68	41
28.69	48
28.70	30
28.71	27
28.72	25
28.73	20
28.74	21
28.75	29
28.76	26
28.77	21
28.78	23
28.79	27
28.80	23
28.81	21
28.82	18
28.83	15
28.84	28
28.85	17
28.86	21
28.87	12
28.88	24
28.89	21
28.90	15
28.91	26
28.92	24
28.93	23
28.94	12
28.95	14
28.96	16
28.97	15
28.98	24
28.99	21
29.00	15
29.01	19
29.02	10
29.03	15
29.04	15
29.05	27
29.06	12
29.07	16
29.08	11
29.09	16
29.10	10
29.11	10
29.12	11
29.13	14
29.14	10
29.15	9
29.16	14
29.17	12
29.18	14
29.19	17
29.20	14
29.21	12
29.22	11
29.23	11
29.24	18
29.25	12
29.26	13
29.27	17
29.28	22
29.29	11
29.30	15
29.31	11
29.32	11
29.33	18
29.34	15
29.35	7
29.36	18
29.37	20
29.38	17
29.39	13
29.40	14
29.41	9
29.42	10
29.43	13
29.44	15
29.45	10
29.46	17
29.47	15
29.48	16
29.49	15
29.50	14
29.51	5
29.52	7
29.53	10
29.54	17
29.55	14
29.56	14
29.57	17
29.58	8
29.59	16
29.60	12
29.61	11
29.62	14
29.63	16
29.64	11
29.65	11
29.66	12
29.67	11
29.68	10
29.69	14
29.70	10
29.71	10
29.72	11
29.73	16
29.74	11
29.75	15
29.76	10
29.77	19
29.78	16
29.79	12
29.80	14
29.81	15
29.82	13
29.83	17
29.84	13
29.85	7
29.86	15
29.87	11
29.88	11
29.89	10
29.90	14
29.91	11
29.92	7
29.93	14
29.94	8
29.95	11
29.96	11
29.97	12
29.98	15
29.99	8
30.00	15
30.01	3
30.02	19
30.03	15
30.04	8
30.05	9
30.06	12
30.07	12
30.08	9
30.09	5
30.10	13
30.11	11
30.12	11
30.13	9
30.14	8
30.15	10
30.16	9
30.17	10
30.18	13
30.19	6
30.20	10
30.21	8
30.22	12
30.23	9
30.24	18
30.25	4
30.26	11
30.27	8
30.28	15
30.29	11
30.30	11
30.31	15
30.32	15
30.33	14
30.34	11
30.35	9
30.36	5
30.37	15
30.38	10
30.39	11
30.40	21
30.41	11
30.42	13
30.43	8
30.44	10
30.45	11
30.46	5
30.47	7
30.48	5
30.49	11
30.50	11
30.51	9
30.52	13
30.53	10
30.54	13
30.55	9
30.56	14
30.57	7
30.58	12
30.59	13
30.60	12
30.61	13
30.62	10
30.63	9
30.64	10
30.65	7
30.66	13
30.67	6
30.68	17
30.69	21
30.70	7
30.71	10
30.72	16
30.73	9
30.74	8
30.75	12
30.76	15
30.77	14
30.78	7
30.79	18
30.80	12
30.81	7
30.82	11
30.83	9
30.84	8
30.85	10
30.86	16
30.87	14
30.88	12
30.89	11
30.90	13
30.91	6
30.92	9
30.93	9
30.94	15
30.95	11
30.96	19
30.97	10
30.98	6
30.99	15
31.00	11
31.01	9
31.02	9
31.03	9
31.04	12
31.05	12
31.06	11
31.07	8
31.08	11
31.09	6
31.10	11
31.11	18
31.12	12
31.13	10
31.14	5
31.15	18
31.16	6
31.17	7
31.18	8
31.19	15
31.20	6
31.21	11
31.22	16
31.23	8
31.24	11
31.25	16
31.26	11
31.27	16
31.28	13
31.29	15
31.30	10
31.31	8
31.32	7
31.33	14
31.34	7
31.35	9
31.36	7
31.37	6
31.38	9
31.39	12
31.40	14
31.41	12
31.42	5
31.43	6
31.44	10
31.45	11
31.46	9
31.47	4
31.48	13
31.49	8
31.50	12
31.51	6
31.52	9
31.53	11
31.54	9
31.55	12
31.56	9
31.57	17
31.58	9
31.59	9
31.60	10
31.61	6
31.62	6
31.63	7
31.64	3
31.65	14
31.66	15
31.67	10
31.68	6
31.69	13
31.70	8
31.71	11
31.72	6
31.73	11
31.74	8
31.75	10
31.76	6
31.77	9
31.78	11
31.79	13
31.80	11
31.81	11
31.82	4
31.83	10
31.84	13
31.85	8
31.86	16
31.87	10
31.88	9
31.89	7
31.90	13
31.91	12
31.92	9
31.93	11
31.94	4
31.95	8
31.96	6
31.97	7
31.98	10
31.99	9
32.00	8
32.01	7
32.02	10
32.03	9
32.04	9
32.05	9
32.06	9
32.07	11
32.08	6
32.09	11
32.10	10
32.11	4
32.12	9
32.13	7
32.14	7
32.15	7
32.16	12
32.17	13
32.18	5
32.19	9
32.20	10
32.21	2
32.22	13
32.23	6
32.24	12
32.25	6
32.26	12
32.27	9
32.28	8
32.29	3
32.30	14
32.31	5
32.32	10
32.33	7
32.34	10
32.35	10
32.36	8
32.37	8
32.38	8
32.39	13
32.40	13
32.41	9
32.42	12
32.43	7
32.44	8
32.45	8
32.46	3
32.47	7
32.48	16
32.49	9
32.50	11
32.51	8
32.52	8
32.53	11
32.54	10
32.55	8
32.56	11
32.57	12
32.58	6
32.59	11
32.60	10
32.61	7
32.62	5
32.63	8
32.64	10
32.65	14
32.66	6
32.67	12
32.68	8
32.69	11
32.70	11
32.71	7
32.72	10
32.73	7
32.74	11
32.75	2
32.76	6
32.77	11
32.78	7
32.79	5
32.80	11
32.81	9
32.82	11
32.83	5
32.84	5
32.85	14
32.86	7
32.87	5
32.88	9
32.89	8
32.90	11
32.91	14
32.92	7
32.93	8
32.94	10
32.95	9
32.96	6
32.97	4
32.98	15
32.99	9
33.00	8
33.01	10
33.02	7
33.03	12
33.04	10
33.05	7
33.06	8
33.07	9
33.08	9
33.09	7
33.10	6
33.11	11
33.12	2
33.13	5
33.14	4
33.15	12
33.16	5
33.17	11
33.18	7
33.19	7
33.20	7
33.21	6
33.22	10
33.23	6
33.24	13
33.25	13
33.26	5
33.27	10
33.28	15
33.29	12
33.30	11
33.31	8
33.32	9
33.33	11
33.34	11
33.35	8
33.36	9
33.37	9
33.38	9
33.39	8
33.40	11
33.41	6
33.42	7
33.43	4
33.44	4
33.45	9
33.46	7
33.47	8
33.48	10
33.49	8
33.50	4
33.51	6
33.52	9
33.53	11
33.54	7
33.55	11
33.56	7
33.57	11
33.58	6
33.59	3
33.60	9
33.61	5
33.62	5
33.63	7
33.64	7
33.65	9
33.66	9
33.67	6
33.68	9
33.69	12
33.70	9
33.71	14
33.72	15
33.73	8
33.74	10
33.75	8
33.76	11
33.77	12
33.78	9
33.79	6
33.80	10
33.81	9
33.82	13
33.83	6
33.84	10
33.85	8
33.86	14
33.87	6
33.88	13
33.89	5
33.90	11
33.91	8
33.92	13
33.93	11
33.94	12
33.95	12
33.96	4
33.97	12
33.98	8
33.99	13
34.00	6
34.01	7
34.02	10
34.03	13
34.04	12
34.05	11
34.06	6
34.07	8
34.08	16
34.09	11
34.10	16
34.11	10
34.12	13
34.13	10
34.14	15
34.15	14
34.16	14
34.17	9
34.18	14
34.19	11
34.20	19
34.21	11
34.22	10
34.23	9
34.24	12
34.25	14
34.26	12
34.27	16
34.28	15
34.29	13
34.30	11
34.31	12
34.32	8
34.33	11
34.34	7
34.35	13
34.36	10
34.37	10
34.38	12
34.39	7
34.40	7
34.41	7
34.42	8
34.43	10
34.44	14
34.45	7
34.46	14
34.47	13
34.48	11
34.49	12
34.50	6
34.51	9
34.52	12
34.53	13
34.54	10
34.55	14
34.56	9
34.57	7
34.58	11
34.59	4
34.60	11
34.61	11
34.62	8
34.63	8
34.64	10
34.65	10
34.66	12
34.67	18
34.68	15
34.69	10
34.70	7
34.71	11
34.72	10
34.73	14
34.74	14
34.75	7
34.76	10
34.77	9
34.78	8
34.79	9
34.80	13
34.81	10
34.82	9
34.83	11
34.84	7
34.85	6
34.86	11
34.87	7
34.88	5
34.89	4
34.90	15
34.91	13
34.92	8
34.93	9
34.94	12
34.95	6
34.96	8
34.97	11
34.98	4
34.99	10
35.00	11
35.01	12
35.02	13
35.03	10
35.04	5
35.05	6
35.06	10
35.07	4
35.08	7
35.09	12
35.10	15
35.11	11
35.12	4
35.13	11
35.14	11
35.15	6
35.16	7
35.17	8
35.18	10
35.19	14
35.20	6
35.21	5
35.22	12
35.23	12
35.24	7
35.25	5
35.26	9
35.27	9
35.28	7
35.29	7
35.30	6
35.31	9
35.32	8
35.33	7
35.34	14
35.35	9
35.36	5
35.37	10
35.38	8
35.39	12
35.40	14
35.41	9
35.42	8
35.43	10
35.44	11
35.45	18
35.46	19
35.47	15
35.48	6
35.49	8
35.50	10
35.51	8
35.52	12
35.53	9
35.54	13
35.55	12
35.56	15
35.57	5
35.58	10
35.59	10
35.60	5
35.61	10
35.62	5
35.63	8
35.64	5
35.65	7
35.66	8
35.67	7
35.68	3
35.69	8
35.70	6
35.71	9
35.72	7
35.73	6
35.74	2
35.75	5
35.76	6
35.77	6
35.78	10
35.79	7
35.80	10
35.81	5
35.82	7
35.83	10
35.84	9
35.85	5
35.86	9
35.87	5
35.88	5
35.89	4
35.90	6
35.91	7
35.92	6
35.93	3
35.94	7
35.95	9
35.96	9
35.97	5
35.98	9
35.99	4
36.00	7
36.01	11
36.02	6
36.03	4
36.04	11
36.05	14
36.06	5
36.07	9
36.08	5
36.09	6
36.10	6
36.11	10
36.12	2
36.13	12
36.14	3
36.15	8
36.16	7
36.17	12
36.18	3
36.19	5
36.20	10
36.21	5
36.22	7
36.23	5
36.24	9
36.25	8
36.26	9
36.27	6
36.28	11
36.29	12
36.30	9
36.31	10
36.32	10
36.33	11
36.34	6
36.35	4
36.36	7
36.37	4
36.38	6
36.39	5
36.40	2
36.41	5
36.42	8
36.43	10
36.44	9
36.45	10
36.46	11
36.47	6
36.48	9
36.49	8
36.50	9
36.51	9
36.52	15
36.53	5
36.54	3
36.55	4
36.56	8
36.57	6
36.58	6
36.59	9
36.60	6
36.61	12
36.62	7
36.63	8
36.64	6
36.65	12
36.66	4
36.67	4
36.68	7
36.69	11
36.70	9
36.71	8
36.72	13
36.73	6
36.74	3
36.75	3
36.76	5
36.77	7
36.78	10
36.79	8
36.80	4
36.81	6
36.82	9
36.83	7
36.84	1
36.85	9
36.86	5
36.87	8
36.88	11
36.89	14
36.90	6
36.91	7
36.92	6
36.93	6
36.94	6
36.95	6
36.96	8
36.97	7
36.98	6
36.99	8
37.00	8
37.01	7
37.02	9
37.03	4
37.04	2
37.05	3
37.06	8
37.07	10
37.08	7
37.09	5
37.10	10
37.11	8
37.12	8
37.13	10
37.14	9
37.15	13
37.16	8
37.17	2
37.18	10
37.19	8
37.20	7
37.21	5
37.22	7
37.23	7
37.24	4
37.25	6
37.26	7
37.27	5
37.28	12
37.29	4
37.30	7
37.31	11
37.32	9
37.33	13
37.34	7
37.35	10
37.36	7
37.37	6
37.38	8
37.39	5
37.40	14
37.41	12
37.42	2
37.43	8
37.44	10
37.45	4
37.46	12
37.47	9
37.48	7
37.49	6
37.50	7
37.51	12
37.52	18
37.53	6
37.54	7
37.55	4
37.56	7
37.57	6
37.58	7
37.59	10
37.60	7
37.61	7
37.62	8
37.63	6
37.64	10
37.65	9
37.66	6
37.67	10
37.68	11
37.69	10
37.70	5
37.71	5
37.72	11
37.73	7
37.74	17
37.75	4
37.76	9
37.77	9
37.78	9
37.79	7
37.80	4
37.81	15
37.82	13
37.83	5
37.84	7
37.85	8
37.86	6
37.87	11
37.88	9
37.89	6
37.90	12
37.91	10
37.92	10
37.93	5
37.94	9
37.95	11
37.96	9
37.97	11
37.98	5
37.99	10
38.00	12
38.01	6
38.02	4
38.03	7
38.04	11
38.05	6
38.06	10
38.07	8
38.08	9
38.09	5
38.10	8
38.11	8
38.12	7
38.13	5
38.14	9
38.15	2
38.16	7
38.17	4
38.18	4
38.19	9
38.20	8
38.21	6
38.22	7
38.23	6
38.24	9
38.25	8
38.26	5
38.27	8
38.28	10
38.29	10
38.30	10
38.31	4
38.32	8
38.33	14
38.34	7
38.35	2
38.36	6
38.37	8
38.38	9
38.39	1
38.40	10
38.41	3
38.42	6
38.43	7
38.44	5
38.45	4
38.46	6
38.47	10
38.48	6
38.49	7
38.50	7
38.51	7
38.52	16
38.53	6
38.54	10
38.55	6
38.56	6
38.57	7
38.58	11
38.59	9
38.60	9
38.61	6
38.62	8
38.63	6
38.64	11
38.65	5
38.66	5
38.67	3
38.68	2
38.69	9
38.70	12
38.71	8
38.72	9
38.73	6
38.74	11
38.75	7
38.76	7
38.77	7
38.78	4
38.79	8
38.80	4
38.81	4
38.82	12
38.83	13
38.84	9
38.85	9
38.86	4
38.87	5
38.88	7
38.89	9
38.90	9
38.91	8
38.92	8
38.93	8
38.94	4
38.95	9
38.96	7
38.97	9
38.98	13
38.99	10
39.00	6
39.01	8
39.02	8
39.03	5
39.04	5
39.05	12
39.06	5
39.07	6
39.08	6
39.09	6
39.10	10
39.11	8
39.12	5
39.13	6
39.14	8
39.15	9
39.16	4
39.17	8
39.18	9
39.19	4
39.20	13
39.21	2
39.22	5
39.23	6
39.24	5
39.25	8
39.26	5
39.27	12
39.28	7
39.29	11
39.30	11
39.31	1
39.32	5
39.33	7
39.34	6
39.35	7
39.36	7
39.37	3
39.38	2
39.39	10
39.40	3
39.41	7
39.42	4
39.43	10
39.44	10
39.45	8
39.46	3
39.47	5
39.48	9
39.49	5
39.50	7
39.51	10
39.52	8
39.53	5
39.54	4
39.55	2
39.56	10
39.57	5
39.58	6
39.59	8
39.60	5
39.61	3
39.62	9
39.63	9
39.64	7
39.65	7
39.66	6
39.67	11
39.68	8
39.69	7
39.70	10
39.71	6
39.72	7
39.73	9
39.74	12
39.75	6
39.76	6
39.77	13
39.78	10
39.79	9
39.80	10
39.81	8
39.82	14
39.83	11
39.84	12
39.85	7
39.86	11
39.87	7
39.88	10
39.89	5
39.90	7
39.91	8
39.92	11
39.93	8
39.94	7
39.95	6
39.96	6
39.97	6
39.98	6
39.99	4
40.00	8
40.01	7
40.02	7
40.03	9
40.04	4
40.05	8
40.06	3
40.07	4
40.08	6
40.09	5
40.10	7
40.11	7
40.12	8
40.13	8
40.14	8
40.15	4
40.16	10
40.17	6
40.18	12
40.19	5
40.20	6
40.21	9
40.22	7
40.23	7
40.24	9
40.25	5
40.26	7
40.27	6
40.28	10
40.29	8
40.30	8
40.31	5
40.32	8
40.33	7
40.34	7
40.35	8
40.36	7
40.37	8
40.38	11
40.39	10
40.40	7
40.41	8
40.42	4
40.43	9
40.44	5
40.45	5
40.46	3
40.47	10
40.48	3
40.49	11
40.50	5
40.51	7
40.52	11
40.53	5
40.54	4
40.55	4
40.56	6
40.57	9
40.58	9
40.59	10
40.60	13
40.61	9
40.62	6
40.63	11
40.64	3
40.65	7
40.66	8
40.67	8
40.68	3
40.69	6
40.70	7
40.71	3
40.72	16
40.73	5
40.74	9
40.75	4
40.76	10
40.77	6
40.78	8
40.79	11
40.80	9
40.81	7
40.82	8
40.83	9
40.84	8
40.85	12
40.86	8
40.87	11
40.88	8
40.89	6
40.90	6
40.91	11
40.92	10
40.93	3
40.94	5
40.95	7
40.96	4
40.97	9
40.98	9
40.99	6
41.00	9
41.01	3
41.02	13
41.03	3
41.04	8
41.05	4
41.06	3
41.07	7
41.08	6
41.09	6
41.10	10
41.11	9
41.12	8
41.13	9
41.14	4
41.15	9
41.16	7
41.17	1
41.18	9
41.19	15
41.20	6
41.21	8
41.22	7
41.23	6
41.24	5
41.25	8
41.26	9
41.27	11
41.28	13
41.29	9
41.30	4
41.31	6
41.32	11
41.33	13
41.34	10
41.35	7
41.36	14
41.37	7
41.38	6
41.39	7
41.40	7
41.41	7
41.42	6
41.43	5
41.44	7
41.45	9
41.46	4
41.47	8
41.48	5
41.49	10
41.50	5
41.51	5
41.52	5
41.53	3
41.54	7
41.55	10
41.56	7
41.57	6
41.58	6
41.59	6
41.60	11
41.61	8
41.62	11
41.63	6
41.64	9
41.65	10
41.66	7
41.67	13
41.68	7
41.69	3
41.70	13
41.71	9
41.72	3
41.73	6
41.74	11
41.75	7
41.76	11
41.77	11
41.78	5
41.79	3
41.80	10
41.81	10
41.82	9
41.83	4
41.84	4
41.85	6
41.86	10
41.87	13
41.88	14
41.89	10
41.90	9
41.91	9
41.92	13
41.93	3
41.94	11
41.95	7
41.96	8
41.97	9
41.98	15
41.99	6
42.00	8
42.01	5
42.02	6
42.03	14
42.04	11
42.05	15
42.06	10
42.07	4
42.08	4
42.09	8
42.10	13
42.11	13
42.12	7
42.13	9
42.14	9
42.15	17
42.16	7
42.17	10
42.18	20
42.19	8
42.20	9
42.21	5
42.22	12
42.23	12
42.24	13
42.25	9
42.26	9
42.27	10
42.28	10
42.29	15
42.30	7
42.31	9
42.32	11
42.33	7
42.34	11
42.35	8
42.36	14
42.37	9
42.38	8
42.39	10
42.40	9
42.41	12
42.42	11
42.43	12
42.44	10
42.45	12
42.46	17
42.47	23
42.48	31
42.49	30
42.50	22
42.51	36
42.52	37
42.53	42
42.54	23
42.55	22
42.56	20
42.57	16
42.58	8
42.59	11
42.60	7
42.61	10
42.62	11
42.63	8
42.64	9
42.65	4
42.66	9
42.67	14
42.68	6
42.69	15
42.70	8
42.71	11
42.72	12
42.73	7
42.74	9
42.75	8
42.76	13
42.77	7
42.78	8
42.79	6
42.80	6
42.81	10
42.82	8
42.83	14
42.84	8
42.85	13
42.86	12
42.87	8
42.88	9
42.89	8
42.90	8
42.91	11
42.92	11
42.93	4
42.94	7
42.95	5
42.96	7
42.97	9
42.98	4
42.99	10
43.00	3
43.01	10
43.02	10
43.03	8
43.04	9
43.05	10
43.06	16
43.07	7
43.08	6
43.09	5
43.10	11
43.11	9
43.12	12
43.13	6
43.14	7
43.15	9
43.16	5
43.17	8
43.18	10
43.19	6
43.20	10
43.21	6
43.22	18
43.23	3
43.24	5
43.25	9
43.26	12
43.27	13
43.28	9
43.29	11
43.30	12
43.31	14
43.32	15
43.33	21
43.34	11
43.35	16
43.36	21
43.37	8
43.38	15
43.39	8
43.40	16
43.41	16
43.42	12
43.43	15
43.44	11
43.45	13
43.46	22
43.47	16
43.48	12
43.49	12
43.50	7
43.51	11
43.52	12
43.53	12
43.54	9
43.55	13
43.56	6
43.57	16
43.58	6
43.59	13
43.60	6
43.61	8
43.62	8
43.63	9
43.64	7
43.65	10
43.66	13
43.67	14
43.68	7
43.69	10
43.70	9
43.71	7
43.72	13
43.73	4
43.74	11
43.75	3
43.76	14
43.77	10
43.78	6
43.79	10
43.80	11
43.81	7
43.82	15
43.83	11
43.84	5
43.85	9
43.86	9
43.87	4
43.88	7
43.89	11
43.90	9
43.91	18
43.92	7
43.93	9
43.94	2
43.95	7
43.96	9
43.97	7
43.98	8
43.99	14
44.00	16
44.01	6
44.02	10
44.03	10
44.04	14
44.05	9
44.06	10
44.07	6
44.08	9
44.09	8
44.10	8
44.11	4
44.12	8
44.13	4
44.14	9
44.15	4
44.16	8
44.17	7
44.18	13
44.19	8
44.20	7
44.21	10
44.22	9
44.23	11
44.24	11
44.25	7
44.26	6
44.27	10
44.28	9
44.29	8
44.30	11
44.31	16
44.32	12
44.33	5
44.34	8
44.35	9
44.36	12
44.37	8
44.38	9
44.39	6
44.40	9
44.41	12
44.42	6
44.43	10
44.44	8
44.45	6
44.46	9
44.47	5
44.48	5
44.49	8
44.50	7
44.51	9
44.52	7
44.53	9
44.54	14
44.55	8
44.56	7
44.57	11
44.58	5
44.59	12
44.60	9
44.61	9
44.62	4
44.63	9
44.64	6
44.65	16
44.66	14
44.67	8
44.68	7
44.69	15
44.70	13
44.71	15
44.72	9
44.73	11
44.74	8
44.75	12
44.76	5
44.77	6
44.78	15
44.79	6
44.80	10
44.81	11
44.82	13
44.83	3
44.84	7
44.85	15
44.86	11
44.87	6
44.88	12
44.89	15
44.90	11
44.91	16
44.92	17
44.93	13
44.94	9
44.95	12
44.96	4
44.97	6
44.98	12
44.99	6
45.00	15
45.01	16
45.02	6
45.03	3
45.04	14
45.05	10
45.06	5
45.07	14
45.08	12
45.09	5
45.10	6
45.11	13
45.12	11
45.13	12
45.14	10
45.15	5
45.16	7
45.17	6
45.18	5
45.19	2
45.20	7
45.21	10
45.22	9
45.23	12
45.24	13
45.25	10
45.26	12
45.27	5
45.28	6
45.29	9
45.30	4
45.31	9
45.32	9
45.33	8
45.34	12
45.35	9
45.36	12
45.37	10
45.38	13
45.39	9
45.40	8
45.41	8
45.42	11
45.43	5
45.44	10
45.45	7
45.46	12
45.47	7
45.48	4
45.49	15
45.50	13
45.51	12
45.52	9
45.53	10
45.54	6
45.55	6
45.56	11
45.57	13
45.58	11
45.59	7
45.60	11
45.61	10
45.62	15
45.63	11
45.64	5
45.65	10
45.66	9
45.67	13
45.68	10
45.69	15
45.70	9
45.71	9
45.72	19
45.73	10
45.74	17
45.75	4
45.76	2
45.77	10
45.78	8
45.79	4
45.80	14
45.81	14
45.82	10
45.83	22
45.84	17
45.85	9
45.86	5
45.87	19
45.88	10
45.89	8
45.90	13
45.91	10
45.92	8
45.93	14
45.94	5
45.95	7
45.96	7
45.97	9
45.98	13
45.99	7
46.00	11
46.01	13
46.02	12
46.03	8
46.04	13
46.05	12
46.06	12
46.07	7
46.08	8
46.09	9
46.10	14
46.11	9
46.12	9
46.13	7
46.14	8
46.15	8
46.16	8
46.17	8
46.18	15
46.19	15
46.20	19
46.21	14
46.22	8
46.23	12
46.24	18
46.25	7
46.26	11
46.27	13
46.28	12
46.29	11
46.30	13
46.31	12
46.32	10
46.33	13
46.34	6
46.35	7
46.36	13
46.37	11
46.38	12
46.39	10
46.40	12
46.41	11
46.42	17
46.43	16
46.44	13
46.45	6
46.46	11
46.47	7
46.48	9
46.49	8
46.50	13
46.51	12
46.52	11
46.53	9
46.54	15
46.55	8
46.56	9
46.57	12
46.58	15
46.59	13
46.60	13
46.61	11
46.62	13
46.63	14
46.64	12
46.65	16
46.66	14
46.67	13
46.68	19
46.69	9
46.70	14
46.71	15
46.72	9
46.73	15
46.74	11
46.75	16
46.76	14
46.77	8
46.78	18
46.79	14
46.80	10
46.81	14
46.82	21
46.83	17
46.84	15
46.85	21
46.86	14
46.87	15
46.88	12
46.89	15
46.90	16
46.91	19
46.92	23
46.93	15
46.94	13
46.95	18
46.96	20
46.97	13
46.98	21
46.99	12
47.00	24
47.01	25
47.02	25
47.03	15
47.04	30
47.05	45
47.06	29
47.07	32
47.08	43
47.09	32
47.10	39
47.11	38
47.12	35
47.13	35
47.14	33
47.15	53
47.16	53
47.17	45
47.18	64
47.19	52
47.20	79
47.21	99
47.22	107
47.23	151
47.24	225
47.25	314
47.26	459
47.27	530
47.28	809
47.29	1393
47.30	1842
47.31	1757
47.32	1190
47.33	705
47.34	394
47.35	297
47.36	265
47.37	245
47.38	271
47.39	287
47.40	398
47.41	654
47.42	854
47.43	972
47.44	760
47.45	514
47.46	302
47.47	182
47.48	133
47.49	96
47.50	69
47.51	63
47.52	66
47.53	62
47.54	42
47.55	48
47.56	41
47.57	44
47.58	36
47.59	33
47.60	34
47.61	24
47.62	36
47.63	24
47.64	26
47.65	17
47.66	23
47.67	24
47.68	22
47.69	23
47.70	13
47.71	24
47.72	20
47.73	15
47.74	14
47.75	12
47.76	17
47.77	14
47.78	21
47.79	23
47.80	11
47.81	19
47.82	11
47.83	25
47.84	12
47.85	18
47.86	12
47.87	15
47.88	14
47.89	12
47.90	19
47.91	16
47.92	15
47.93	16
47.94	17
47.95	14
47.96	15
47.97	9
47.98	14
47.99	22
48.00	14
48.01	16
48.02	12
48.03	5
48.04	13
48.05	11
48.06	10
48.07	14
48.08	15
48.09	7
48.10	15
48.11	14
48.12	13
48.13	18
48.14	11
48.15	8
48.16	13
48.17	8
48.18	10
48.19	10
48.20	13
48.21	12
48.22	12
48.23	10
48.24	15
48.25	7
48.26	12
48.27	10
48.28	8
48.29	9
48.30	20
48.31	19
48.32	11
48.33	9
48.34	18
48.35	14
48.36	16
48.37	10
48.38	11
48.39	13
48.40	15
48.41	9
48.42	17
48.43	16
48.44	8
48.45	10
48.46	14
48.47	11
48.48	14
48.49	14
48.50	20
48.51	10
48.52	12
48.53	14
48.54	12
48.55	7
48.56	9
48.57	10
48.58	6
48.59	17
48.60	9
48.61	9
48.62	7
48.63	19
48.64	12
48.65	13
48.66	10
48.67	12
48.68	14
48.69	13
48.70	13
48.71	17
48.72	13
48.73	11
48.74	10
48.75	9
48.76	8
48.77	11
48.78	15
48.79	14
48.80	13
48.81	12
48.82	9
48.83	8
48.84	5
48.85	11
48.86	9
48.87	9
48.88	10
48.89	13
48.90	12
48.91	9
48.92	8
48.93	9
48.94	14
48.95	10
48.96	13
48.97	12
48.98	9
48.99	10
49.00	8
49.01	12
49.02	11
49.03	7
49.04	11
49.05	11
49.06	15
49.07	9
49.08	9
49.09	10
49.10	8
49.11	9
49.12	12
49.13	11
49.14	14
49.15	13
49.16	17
49.17	13
49.18	10
49.19	6
49.20	11
49.21	14
49.22	5
49.23	7
49.24	7
49.25	10
49.26	10
49.27	10
49.28	13
49.29	15
49.30	11
49.31	11
49.32	13
49.33	7
49.34	13
49.35	12
49.36	8
49.37	13
49.38	15
49.39	12
49.40	14
49.41	4
49.42	11
49.43	8
49.44	17
49.45	9
49.46	10
49.47	11
49.48	15
49.49	11
49.50	20
49.51	9
49.52	8
49.53	11
49.54	12
49.55	13
49.56	11
49.57	8
49.58	11
49.59	2
49.60	11
49.61	6
49.62	12
49.63	9
49.64	4
49.65	12
49.66	11
49.67	12
49.68	7
49.69	9
49.70	7
49.71	9
49.72	12
49.73	12
49.74	11
49.75	7
49.76	8
49.77	8
49.78	9
49.79	8
49.80	8
49.81	6
49.82	4
49.83	11
49.84	13
49.85	9
49.86	11
49.87	12
49.88	20
49.89	10
49.90	12
49.91	9
49.92	9
49.93	8
49.94	10
49.95	15
49.96	10
49.97	15
49.98	7
49.99	4
50.00	12
50.01	6
50.02	5
50.03	11
50.04	8
50.05	10
50.06	10
50.07	6
50.08	12
50.09	10
50.10	9
50.11	13
50.12	7
50.13	6
50.14	9
50.15	13
50.16	8
50.17	9
50.18	10
50.19	8
50.20	8
50.21	7
50.22	10
50.23	10
50.24	13
50.25	11
50.26	15
50.27	17
50.28	20
50.29	19
50.30	22
50.31	28
50.32	23
50.33	22
50.34	15
50.35	21
50.36	14
50.37	9
50.38	11
50.39	14
50.40	10
50.41	11
50.42	7
50.43	13
50.44	13
50.45	12
50.46	9
50.47	13
50.48	12
50.49	10
50.50	8
50.51	7
50.52	18
50.53	14
50.54	7
50.55	12
50.56	11
50.57	6
50.58	11
50.59	13
50.60	8
50.61	7
50.62	9
50.63	9
50.64	6
50.65	11
50.66	7
50.67	12
50.68	5
50.69	8
50.70	11
50.71	9
50.72	12
50.73	7
50.74	9
50.75	11
50.76	4
50.77	8
50.78	9
50.79	10
50.80	9
50.81	8
50.82	17
50.83	12
50.84	9
50.85	7
50.86	11
50.87	7
50.88	7
50.89	7
50.90	10
50.91	4
50.92	5
50.93	10
50.94	7
50.95	4
50.96	11
50.97	10
50.98	10
50.99	10
51.00	11
51.01	10
51.02	3
51.03	5
51.04	12
51.05	9
51.06	3
51.07	5
51.08	14
51.09	6
51.10	5
51.11	14
51.12	12
51.13	9
51.14	9
51.15	8
51.16	13
51.17	7
51.18	15
51.19	5
51.20	7
51.21	11
51.22	8
51.23	5
51.24	9
51.25	9
51.26	11
51.27	13
51.28	13
51.29	6
51.30	5
51.31	10
51.32	9
51.33	9
51.34	7
51.35	8
51.36	13
51.37	10
51.38	7
51.39	10
51.40	9
51.41	10
51.42	10
51.43	10
51.44	14
51.45	7
51.46	12
51.47	9
51.48	10
51.49	11
51.50	9
51.51	9
51.52	12
51.53	6
51.54	6
51.55	11
51.56	8
51.57	8
51.58	12
51.59	11
51.60	17
51.61	14
51.62	10
51.63	5
51.64	7
51.65	9
51.66	11
51.67	4
51.68	8
51.69	5
51.70	6
51.71	12
51.72	11
51.73	8
51.74	11
51.75	7
51.76	9
51.77	11
51.78	7
51.79	8
51.80	8
51.81	13
51.82	9
51.83	12
51.84	9
51.85	13
51.86	6
51.87	11
51.88	9
51.89	8
51.90	4
51.91	10
51.92	10
51.93	6
51.94	9
51.95	9
51.96	5
51.97	4
51.98	4
51.99	17
52.00	7
52.01	10
52.02	11
52.03	6
52.04	11
52.05	9
52.06	8
52.07	7
52.08	11
52.09	15
52.10	10
52.11	8
52.12	8
52.13	7
52.14	9
52.15	14
52.16	8
52.17	2
52.18	7
52.19	5
52.20	11
52.21	14
52.22	5
52.23	8
52.24	7
52.25	9
52.26	10
52.27	8
52.28	14
52.29	11
52.30	14
52.31	12
52.32	11
52.33	14
52.34	9
52.35	9
52.36	6
52.37	15
52.38	7
52.39	10
52.40	11
52.41	7
52.42	6
52.43	4
52.44	9
52.45	6
52.46	6
52.47	6
52.48	4
52.49	15
52.50	13
52.51	7
52.52	11
52.53	6
52.54	7
52.55	10
52.56	12
52.57	14
52.58	9
52.59	12
52.60	8
52.61	12
52.62	13
52.63	6
52.64	7
52.65	7
52.66	7
52.67	8
52.68	7
52.69	13
52.70	11
52.71	7
52.72	8
52.73	9
52.74	8
52.75	14
52.76	9
52.77	6
52.78	7
52.79	12
52.80	5
52.81	11
52.82	6
52.83	7
52.84	10
52.85	5
52.86	5
52.87	12
52.88	5
52.89	7
52.90	12
52.91	4
52.92	8
52.93	12
52.94	6
52.95	10
52.96	10
52.97	7
52.98	10
52.99	7
53.00	6
53.01	7
53.02	10
53.03	10
53.04	9
53.05	7
53.06	12
53.07	2
53.08	10
53.09	9
53.10	13
53.11	11
53.12	8
53.13	5
53.14	3
53.15	6
53.16	8
53.17	10
53.18	5
53.19	5
53.20	6
53.21	6
53.22	7
53.23	11
53.24	8
53.25	13
53.26	6
53.27	3
53.28	8
53.29	8
53.30	13
53.31	8
53.32	5
53.33	16
53.34	6
53.35	9
53.36	8
53.37	7
53.38	8
53.39	7
53.40	8
53.41	5
53.42	7
53.43	5
53.44	8
53.45	7
53.46	7
53.47	9
53.48	6
53.49	1
53.50	7
53.51	10
53.52	9
53.53	6
53.54	13
53.55	11
53.56	10
53.57	5
53.58	8
53.59	6
53.60	7
53.61	5
53.62	8
53.63	10
53.64	9
53.65	10
53.66	8
53.67	10
53.68	5
53.69	7
53.70	6
53.71	3
53.72	8
53.73	7
53.74	6
53.75	8
53.76	8
53.77	4
53.78	7
53.79	10
53.80	6
53.81	4
53.82	5
53.83	8
53.84	8
53.85	11
53.86	5
53.87	1
53.88	6
53.89	9
53.90	9
53.91	6
53.92	9
53.93	13
53.94	7
53.95	8
53.96	7
53.97	8
53.98	9
53.99	5
54.00	4
54.01	6
54.02	10
54.03	10
54.04	6
54.05	11
54.06	6
54.07	13
54.08	7
54.09	12
54.10	10
54.11	13
54.12	9
54.13	11
54.14	9
54.15	6
54.16	7
54.17	10
54.18	9
54.19	8
54.20	14
54.21	10
54.22	5
54.23	12
54.24	12
54.25	10
54.26	7
54.27	8
54.28	11
54.29	10
54.30	10
54.31	6
54.32	5
54.33	6
54.34	9
54.35	5
54.36	8
54.37	13
54.38	13
54.39	7
54.40	7
54.41	11
54.42	7
54.43	5
54.44	11
54.45	5
54.46	7
54.47	9
54.48	11
54.49	8
54.50	8
54.51	5
54.52	9
54.53	4
54.54	6
54.55	10
54.56	12
54.57	11
54.58	7
54.59	6
54.60	4
54.61	8
54.62	7
54.63	9
54.64	9
54.65	5
54.66	8
54.67	11
54.68	9
54.69	7
54.70	7
54.71	14
54.72	5
54.73	8
54.74	15
54.75	8
54.76	11
54.77	6
54.78	8
54.79	6
54.80	10
54.81	11
54.82	6
54.83	9
54.84	13
54.85	9
54.86	5
54.87	10
54.88	7
54.89	8
54.90	15
54.91	12
54.92	12
54.93	15
54.94	8
54.95	3
54.96	6
54.97	4
54.98	13
54.99	11
55.00	12
55.01	9
55.02	13
55.03	8
55.04	10
55.05	6
55.06	10
55.07	3
55.08	5
55.09	4
55.10	7
55.11	5
55.12	9
55.13	8
55.14	12
55.15	7
55.16	8
55.17	8
55.18	7
55.19	7
55.20	8
55.21	6
55.22	7
55.23	11
55.24	11
55.25	10
55.26	11
55.27	6
55.28	13
55.29	16
55.30	7
55.31	8
55.32	10
55.33	6
55.34	12
55.35	6
55.36	15
55.37	7
55.38	10
55.39	9
55.40	9
55.41	8
55.42	11
55.43	14
55.44	7
55.45	6
55.46	17
55.47	11
55.48	4
55.49	8
55.50	11
55.51	13
55.52	6
55.53	16
55.54	6
55.55	13
55.56	6
55.57	8
55.58	8
55.59	14
55.60	12
55.61	11
55.62	11
55.63	8
55.64	12
55.65	5
55.66	9
55.67	12
55.68	18
55.69	14
55.70	14
55.71	12
55.72	15
55.73	20
55.74	15
55.75	14
55.76	7
55.77	12
55.78	14
55.79	17
55.80	16
55.81	14
55.82	12
55.83	13
55.84	21
55.85	19
55.86	11
55.87	20
55.88	17
55.89	24
55.90	29
55.91	20
55.92	20
55.93	30
55.94	21
55.95	36
55.96	27
55.97	30
55.98	26
55.99	39
56.00	32
56.01	43
56.02	48
56.03	47
56.04	49
56.05	69
56.06	94
56.07	127
56.08	179
56.09	257
56.10	408
56.11	683
56.12	848
56.13	852
56.14	780
56.15	564
56.16	377
56.17	243
56.18	163
56.19	149
56.20	105
56.21	104
56.22	110
56.23	112
56.24	154
56.25	250
56.26	343
56.27	383
56.28	413
56.29	410
56.30	326
56.31	262
56.32	137
56.33	101
56.34	67
56.35	69
56.36	53
56.37	41
56.38	40
56.39	20
56.40	23
56.41	31
56.42	21
56.43	16
56.44	22
56.45	13
56.46	17
56.47	14
56.48	14
56.49	14
56.50	21
56.51	11
56.52	16
56.53	6
56.54	7
56.55	21
56.56	11
56.57	8
56.58	12
56.59	16
56.60	15
56.61	6
56.62	10
56.63	11
56.64	11
56.65	7
56.66	8
56.67	7
56.68	9
56.69	15
56.70	11
56.71	11
56.72	8
56.73	11
56.74	8
56.75	8
56.76	19
56.77	12
56.78	14
56.79	9
56.80	10
56.81	9
56.82	6
56.83	4
56.84	10
56.85	7
56.86	5
56.87	9
56.88	9
56.89	6
56.90	8
56.91	8
56.92	8
56.93	8
56.94	9
56.95	15
56.96	4
56.97	8
56.98	13
56.99	14
57.00	9
57.01	5
57.02	6
57.03	13
57.04	7
57.05	7
57.06	6
57.07	8
57.08	6
57.09	10
57.10	6
57.11	9
57.12	13
57.13	12
57.14	5
57.15	10
57.16	4
57.17	7
57.18	10
57.19	10
57.20	11
57.21	12
57.22	10
57.23	7
57.24	7
57.25	5
57.26	8
57.27	18
57.28	8
57.29	5
57.30	8
57.31	10
57.32	6
57.33	7
57.34	6
57.35	13
57.36	10
57.37	7
57.38	8
57.39	5
57.40	14
57.41	16
57.42	6
57.43	7
57.44	12
57.45	9
57.46	10
57.47	9
57.48	11
57.49	10
57.50	11
57.51	11
57.52	10
57.53	13
57.54	8
57.55	8
57.56	11
57.57	10
57.58	10
57.59	9
57.60	7
57.61	11
57.62	15
57.63	13
57.64	8
57.65	5
57.66	10
57.67	14
57.68	12
57.69	11
57.70	13
57.71	7
57.72	9
57.73	6
57.74	8
57.75	6
57.76	10
57.77	5
57.78	9
57.79	10
57.80	10
57.81	7
57.82	7
57.83	8
57.84	4
57.85	7
57.86	13
57.87	4
57.88	9
57.89	7
57.90	6
57.91	8
57.92	10
57.93	5
57.94	10
57.95	9
57.96	8
57.97	8
57.98	7
57.99	4
58.00	7
58.01	5
58.02	9
58.03	7
58.04	7
58.05	3
58.06	7
58.07	10
58.08	12
58.09	7
58.10	10
58.11	8
58.12	6
58.13	9
58.14	16
58.15	7
58.16	6
58.17	4
58.18	3
58.19	7
58.20	6
58.21	12
58.22	6
58.23	8
58.24	5
58.25	18
58.26	8
58.27	6
58.28	4
58.29	6
58.30	8
58.31	4
58.32	3
58.33	5
58.34	10
58.35	8
58.36	12
58.37	9
58.38	5
58.39	9
58.40	6
58.41	7
58.42	11
58.43	6
58.44	7
58.45	11
58.46	8
58.47	8
58.48	10
58.49	10
58.50	6
58.51	7
58.52	8
58.53	7
58.54	7
58.55	6
58.56	11
58.57	12
58.58	7
58.59	8
58.60	7
58.61	11
58.62	12
58.63	9
58.64	3
58.65	6
58.66	10
58.67	7
58.68	12
58.69	7
58.70	5
58.71	8
58.72	3
58.73	11
58.74	5
58.75	12
58.76	6
58.77	4
58.78	7
58.79	10
58.80	2
58.81	11
58.82	13
58.83	7
58.84	10
58.85	2
58.86	3
58.87	7
58.88	9
58.89	3
58.90	12
58.91	7
58.92	7
58.93	4
58.94	4
58.95	9
58.96	12
58.97	9
58.98	4
58.99	9
59.00	9
59.01	10
59.02	5
59.03	11
59.04	8
59.05	7
59.06	10
59.07	3
59.08	8
59.09	7
59.10	4
59.11	9
59.12	4
59.13	10
59.14	11
59.15	10
59.16	5
59.17	11
59.18	7
59.19	10
59.20	2
59.21	9
59.22	10
59.23	5
59.24	8
59.25	9
59.26	5
59.27	11
59.28	7
59.29	11
59.30	11
59.31	12
59.32	6
59.33	8
59.34	5
59.35	12
59.36	6
59.37	8
59.38	2
59.39	9
59.40	10
59.41	9
59.42	9
59.43	11
59.44	7
59.45	7
59.46	11
59.47	8
59.48	7
59.49	5
59.50	3
59.51	10
59.52	7
59.53	7
59.54	10
59.55	5
59.56	6
59.57	6
59.58	3
59.59	6
59.60	7
59.61	5
59.62	5
59.63	11
59.64	11
59.65	8
59.66	16
59.67	13
59.68	4
59.69	12
59.70	6
59.71	8
59.72	9
59.73	9
59.74	11
59.75	9
59.76	6
59.77	7
59.78	4
59.79	12
59.80	5
59.81	13
59.82	9
59.83	3
59.84	9
59.85	12
59.86	7
59.87	6
59.88	8
59.89	6
59.90	6
59.91	9
59.92	5
59.93	7
59.94	4
59.95	7
59.96	8
59.97	8
59.98	4
59.99	6
60.00	9
60.01	10
60.02	8
60.03	8
60.04	3
60.05	7
60.06	6
60.07	11
60.08	7
60.09	10
60.10	7
60.11	8
60.12	5
60.13	9
60.14	9
60.15	5
60.16	1
60.17	6
60.18	6
60.19	4
60.20	10
60.21	5
60.22	13
60.23	10
60.24	11
60.25	3
60.26	5
60.27	9
60.28	8
60.29	6
60.30	2
60.31	15
60.32	6
60.33	4
60.34	8
60.35	4
60.36	6
60.37	5
60.38	9
60.39	9
60.40	7
60.41	13
60.42	10
60.43	6
60.44	4
60.45	3
60.46	3
60.47	6
60.48	9
60.49	7
60.50	8
60.51	7
60.52	11
60.53	7
60.54	5
60.55	3
60.56	5
60.57	10
60.58	5
60.59	6
60.60	10
60.61	4
60.62	10
60.63	12
60.64	11
60.65	3
60.66	2
60.67	6
60.68	5
60.69	5
60.70	9
60.71	10
60.72	4
60.73	11
60.74	9
60.75	8
60.76	9
60.77	6
60.78	11
60.79	5
60.80	7
60.81	7
60.82	9
60.83	4
60.84	12
60.85	12
60.86	10
60.87	8
60.88	5
60.89	4
60.90	10
60.91	7
60.92	9
60.93	8
60.94	10
60.95	7
60.96	3
60.97	10
60.98	12
60.99	11
61.00	8
61.01	6
61.02	6
61.03	6
61.04	7
61.05	11
61.06	11
61.07	9
61.08	6
61.09	12
61.10	8
61.11	8
61.12	9
61.13	9
61.14	10
61.15	12
61.16	9
61.17	10
61.18	7
61.19	7
61.20	3
61.21	10
61.22	11
61.23	8
61.24	9
61.25	10
61.26	8
61.27	7
61.28	12
61.29	7
61.30	10
61.31	7
61.32	7
61.33	9
61.34	4
61.35	5
61.36	9
61.37	5
61.38	5
61.39	10
61.40	12
61.41	6
61.42	8
61.43	8
61.44	8
61.45	11
61.46	11
61.47	7
61.48	4
61.49	14
61.50	8
61.51	4
61.52	7
61.53	2
61.54	9
61.55	7
61.56	9
61.57	4
61.58	5
61.59	8
61.60	10
61.61	9
61.62	11
61.63	7
61.64	7
61.65	10
61.66	15
61.67	9
61.68	8
61.69	5
61.70	11
61.71	7
61.72	7
61.73	12
61.74	7
61.75	5
61.76	11
61.77	5
61.78	8
61.79	6
61.80	8
61.81	7
61.82	8
61.83	6
61.84	7
61.85	6
61.86	11
61.87	5
61.88	8
61.89	9
61.90	6
61.91	10
61.92	1
61.93	8
61.94	6
61.95	9
61.96	13
61.97	4
61.98	10
61.99	7
62.00	10
62.01	11
62.02	9
62.03	7
62.04	5
62.05	6
62.06	7
62.07	6
62.08	3
62.09	6
62.10	5
62.11	10
62.12	10
62.13	6
62.14	8
62.15	4
62.16	7
62.17	7
62.18	6
62.19	13
62.20	6
62.21	7
62.22	5
62.23	7
62.24	8
62.25	4
62.26	9
62.27	4
62.28	5
62.29	13
62.30	5
62.31	6
62.32	3
62.33	6
62.34	4
62.35	5
62.36	9
62.37	6
62.38	9
62.39	10
62.40	4
62.41	7
62.42	7
62.43	8
62.44	9
62.45	9
62.46	6
62.47	7
62.48	5
62.49	5
62.50	4
62.51	7
62.52	5
62.53	12
62.54	6
62.55	3
62.56	6
62.57	10
62.58	13
62.59	8
62.60	8
62.61	10
62.62	9
62.63	2
62.64	8
62.65	8
62.66	8
62.67	6
62.68	8
62.69	7
62.70	6
62.71	4
62.72	5
62.73	4
62.74	4
62.75	4
62.76	1
62.77	11
62.78	11
62.79	9
62.80	5
62.81	7
62.82	5
62.83	4
62.84	6
62.85	8
62.86	6
62.87	4
62.88	9
62.89	6
62.90	8
62.91	5
62.92	5
62.93	7
62.94	9
62.95	8
62.96	4
62.97	10
62.98	10
62.99	9
63.00	8
63.01	10
63.02	9
63.03	6
63.04	4
63.05	4
63.06	5
63.07	10
63.08	6
63.09	7
63.10	10
63.11	9
63.12	8
63.13	11
63.14	6
63.15	12
63.16	3
63.17	6
63.18	8
63.19	8
63.20	4
63.21	5
63.22	5
63.23	10
63.24	5
63.25	10
63.26	6
63.27	5
63.28	8
63.29	7
63.30	9
63.31	12
63.32	8
63.33	10
63.34	4
63.35	12
63.36	9
63.37	7
63.38	7
63.39	8
63.40	11
63.41	6
63.42	6
63.43	5
63.44	2
63.45	3
63.46	4
63.47	6
63.48	4
63.49	3
63.50	7
63.51	11
63.52	3
63.53	14
63.54	6
63.55	3
63.56	2
63.57	6
63.58	6
63.59	7
63.60	3
63.61	10
63.62	8
63.63	5
63.64	6
63.65	8
63.66	4
63.67	6
63.68	9
63.69	8
63.70	13
63.71	6
63.72	6
63.73	6
63.74	6
63.75	4
63.76	5
63.77	4
63.78	7
63.79	6
63.80	7
63.81	12
63.82	5
63.83	4
63.84	7
63.85	7
63.86	5
63.87	8
63.88	7
63.89	5
63.90	8
63.91	4
63.92	7
63.93	6
63.94	12
63.95	9
63.96	4
63.97	10
63.98	8
63.99	5
64.00	9
64.01	5
64.02	7
64.03	4
64.04	3
64.05	10
64.06	11
64.07	7
64.08	7
64.09	2
64.10	7
64.11	6
64.12	5
64.13	9
64.14	10
64.15	5
64.16	10
64.17	7
64.18	9
64.19	4
64.20	8
64.21	10
64.22	4
64.23	8
64.24	7
64.25	7
64.26	3
64.27	10
64.28	8
64.29	2
64.30	11
64.31	10
64.32	6
64.33	7
64.34	12
64.35	5
64.36	7
64.37	4
64.38	9
64.39	7
64.40	7
64.41	7
64.42	6
64.43	6
64.44	5
64.45	6
64.46	8
64.47	9
64.48	9
64.49	7
64.50	6
64.51	3
64.52	5
64.53	6
64.54	7
64.55	3
64.56	8
64.57	7
64.58	6
64.59	5
64.60	6
64.61	7
64.62	8
64.63	13
64.64	7
64.65	6
64.66	5
64.67	8
64.68	8
64.69	4
64.70	8
64.71	8
64.72	7
64.73	6
64.74	4
64.75	3
64.76	4
64.77	5
64.78	9
64.79	5
64.80	5
64.81	9
64.82	8
64.83	5
64.84	5
64.85	5
64.86	8
64.87	7
64.88	6
64.89	8
64.90	14
64.91	6
64.92	4
64.93	10
64.94	7
64.95	7
64.96	6
64.97	9
64.98	5
64.99	4
65.00	9
65.01	4
65.02	5
65.03	5
65.04	6
65.05	10
65.06	5
65.07	4
65.08	5
65.09	9
65.10	7
65.11	8
65.12	7
65.13	5
65.14	4
65.15	5
65.16	10
65.17	12
65.18	5
65.19	6
65.20	7
65.21	5
65.22	10
65.23	2
65.24	9
65.25	6
65.26	10
65.27	8
65.28	4
65.29	3
65.30	7
65.31	7
65.32	11
65.33	5
65.34	5
65.35	3
65.36	6
65.37	8
65.38	7
65.39	5
65.40	12
65.41	7
65.42	3
65.43	6
65.44	10
65.45	8
65.46	10
65.47	5
65.48	9
65.49	9
65.50	9
65.51	5
65.52	7
65.53	8
65.54	3
65.55	7
65.56	11
65.57	7
65.58	8
65.59	3
65.60	5
65.61	4
65.62	6
65.63	5
65.64	6
65.65	7
65.66	5
65.67	9
65.68	3
65.69	9
65.70	10
65.71	3
65.72	5
65.73	3
65.74	9
65.75	9
65.76	5
65.77	3
65.78	8
65.79	3
65.80	6
65.81	3
65.82	3
65.83	9
65.84	9
65.85	6
65.86	8
65.87	8
65.88	9
65.89	8
65.90	1
65.91	5
65.92	8
65.93	6
65.94	3
65.95	3
65.96	4
65.97	8
65.98	10
65.99	5
66.00	10
66.01	5
66.02	9
66.03	4
66.04	5
66.05	6
66.06	0
66.07	5
66.08	5
66.09	11
66.10	3
66.11	4
66.12	6
66.13	5
66.14	10
66.15	7
66.16	5
66.17	2
66.18	2
66.19	3
66.20	8
66.21	8
66.22	11
66.23	10
66.24	9
66.25	4
66.26	4
66.27	6
66.28	10
66.29	11
66.30	8
66.31	7
66.32	3
66.33	6
66.34	8
66.35	10
66.36	6
66.37	10
66.38	5
66.39	10
66.40	4
66.41	10
66.42	6
66.43	9
66.44	8
66.45	8
66.46	11
66.47	9
66.48	5
66.49	6
66.50	7
66.51	3
66.52	3
66.53	2
66.54	7
66.55	6
66.56	8
66.57	4
66.58	5
66.59	4
66.60	10
66.61	7
66.62	8
66.63	4
66.64	3
66.65	5
66.66	8
66.67	6
66.68	8
66.69	4
66.70	2
66.71	7
66.72	6
66.73	15
66.74	12
66.75	5
66.76	7
66.77	4
66.78	6
66.79	11
66.80	8
66.81	11
66.82	3
66.83	9
66.84	10
66.85	6
66.86	5
66.87	7
66.88	10
66.89	8
66.90	10
66.91	5
66.92	8
66.93	5
66.94	12
66.95	9
66.96	12
66.97	6
66.98	6
66.99	4
67.00	8
67.01	8
67.02	7
67.03	5
67.04	8
67.05	3
67.06	14
67.07	10
67.08	12
67.09	2
67.10	5
67.11	7
67.12	9
67.13	8
67.14	3
67.15	7
67.16	2
67.17	6
67.18	13
67.19	7
67.20	7
67.21	2
67.22	3
67.23	4
67.24	7
67.25	10
67.26	7
67.27	9
67.28	10
67.29	11
67.30	8
67.31	5
67.32	7
67.33	8
67.34	7
67.35	7
67.36	9
67.37	13
67.38	2
67.39	12
67.40	5
67.41	8
67.42	4
67.43	10
67.44	9
67.45	9
67.46	8
67.47	8
67.48	9
67.49	12
67.50	5
67.51	9
67.52	8
67.53	8
67.54	10
67.55	9
67.56	4
67.57	9
67.58	7
67.59	6
67.60	5
67.61	7
67.62	6
67.63	5
67.64	7
67.65	7
67.66	4
67.67	6
67.68	6
67.69	7
67.70	6
67.71	5
67.72	6
67.73	2
67.74	8
67.75	9
67.76	7
67.77	7
67.78	1
67.79	9
67.80	10
67.81	6
67.82	10
67.83	10
67.84	9
67.85	5
67.86	9
67.87	8
67.88	7
67.89	8
67.90	9
67.91	9
67.92	6
67.93	10
67.94	7
67.95	9
67.96	4
67.97	12
67.98	7
67.99	7
68.00	9
68.01	11
68.02	9
68.03	5
68.04	12
68.05	12
68.06	7
68.07	7
68.08	5
68.09	8
68.10	5
68.11	4
68.12	10
68.13	9
68.14	5
68.15	7
68.16	11
68.17	11
68.18	10
68.19	7
68.20	7
68.21	3
68.22	8
68.23	10
68.24	2
68.25	3
68.26	9
68.27	13
68.28	7
68.29	7
68.30	7
68.31	7
68.32	7
68.33	11
68.34	8
68.35	7
68.36	10
68.37	10
68.38	8
68.39	5
68.40	6
68.41	7
68.42	10
68.43	7
68.44	9
68.45	8
68.46	7
68.47	7
68.48	12
68.49	6
68.50	7
68.51	10
68.52	7
68.53	11
68.54	3
68.55	13
68.56	6
68.57	8
68.58	12
68.59	6
68.60	8
68.61	6
68.62	8
68.63	7
68.64	11
68.65	11
68.66	9
68.67	7
68.68	11
68.69	14
68.70	6
68.71	3
68.72	7
68.73	8
68.74	6
68.75	9
68.76	10
68.77	6
68.78	7
68.79	7
68.80	5
68.81	10
68.82	7
68.83	13
68.84	10
68.85	11
68.86	18
68.87	6
68.88	13
68.89	14
68.90	12
68.91	5
68.92	10
68.93	15
68.94	10
68.95	6
68.96	8
68.97	12
68.98	11
68.99	12
69.00	19
69.01	16
69.02	11
69.03	16
69.04	15
69.05	19
69.06	21
69.07	29
69.08	26
69.09	34
69.10	54
69.11	82
69.12	85
69.13	100
69.14	85
69.15	94
69.16	73
69.17	31
69.18	47
69.19	34
69.20	19
69.21	28
69.22	14
69.23	8
69.24	18
69.25	14
69.26	14
69.27	25
69.28	28
69.29	30
69.30	34
69.31	47
69.32	53
69.33	50
69.34	43
69.35	35
69.36	24
69.37	26
69.38	18
69.39	12
69.40	15
69.41	12
69.42	13
69.43	15
69.44	11
69.45	14
69.46	9
69.47	8
69.48	11
69.49	7
69.50	7
69.51	5
69.52	7
69.53	5
69.54	7
69.55	9
69.56	5
69.57	10
69.58	7
69.59	5
69.60	8
69.61	7
69.62	7
69.63	9
69.64	9
69.65	8
69.66	7
69.67	8
69.68	6
69.69	4
69.70	10
69.71	8
69.72	3
69.73	0
69.74	6
69.75	5
69.76	5
69.77	3
69.78	9
69.79	11
69.80	9
69.81	9
69.82	1
69.83	2
69.84	11
69.85	7
69.86	8
69.87	6
69.88	6
69.89	7
69.90	3
69.91	8
69.92	6
69.93	10
69.94	5
69.95	3
69.96	10
69.97	2
69.98	4
69.99	11
70.00	10
70.01	12
70.02	3
70.03	7
70.04	10
70.05	11
70.06	7
70.07	9
70.08	3
70.09	10
70.10	5
70.11	2
70.12	9
70.13	7
70.14	5
70.15	4
70.16	4
70.17	12
70.18	7
70.19	10
70.20	2
70.21	11
70.22	6
70.23	8
70.24	7
70.25	7
70.26	5
70.27	9
70.28	10
70.29	6
70.30	4
70.31	8
70.32	6
70.33	1
70.34	8
70.35	1
70.36	9
70.37	5
70.38	7
70.39	6
70.40	5
70.41	8
70.42	7
70.43	4
70.44	11
70.45	7
70.46	6
70.47	8
70.48	7
70.49	8
70.50	4
70.51	2
70.52	5
70.53	6
70.54	5
70.55	4
70.56	11
70.57	8
70.58	4
70.59	10
70.60	4
70.61	12
70.62	8
70.63	18
70.64	8
70.65	5
70.66	6
70.67	8
70.68	8
70.69	8
70.70	5
70.71	4
70.72	6
70.73	5
70.74	6
70.75	6
70.76	8
70.77	3
70.78	4
70.79	7
70.80	6
70.81	8
70.82	8
70.83	12
70.84	3
70.85	5
70.86	3
70.87	5
70.88	8
70.89	8
70.90	4
70.91	11
70.92	8
70.93	5
70.94	4
70.95	6
70.96	12
70.97	8
70.98	11
70.99	8
71.00	8
71.01	5
71.02	4
71.03	5
71.04	6
71.05	9
71.06	5
71.07	10
71.08	10
71.09	5
71.10	9
71.11	7
71.12	9
71.13	4
71.14	7
71.15	7
71.16	9
71.17	9
71.18	11
71.19	7
71.20	6
71.21	5
71.22	8
71.23	10
71.24	8
71.25	3
71.26	6
71.27	11
71.28	4
71.29	3
71.30	9
71.31	6
71.32	6
71.33	6
71.34	10
71.35	9
71.36	6
71.37	5
71.38	14
71.39	8
71.40	9
71.41	4
71.42	5
71.43	4
71.44	5
71.45	7
71.46	5
71.47	5
71.48	7
71.49	4
71.50	9
71.51	10
71.52	7
71.53	4
71.54	8
71.55	6
71.56	6
71.57	8
71.58	8
71.59	5
71.60	9
71.61	4
71.62	8
71.63	5
71.64	8
71.65	8
71.66	4
71.67	8
71.68	6
71.69	9
71.70	6
71.71	5
71.72	5
71.73	8
71.74	5
71.75	8
71.76	6
71.77	10
71.78	4
71.79	4
71.80	3
71.81	9
71.82	1
71.83	12
71.84	9
71.85	5
71.86	5
71.87	10
71.88	7
71.89	6
71.90	8
71.91	4
71.92	10
71.93	6
71.94	5
71.95	4
71.96	8
71.97	8
71.98	8
71.99	4
72.00	3
72.01	10
72.02	12
72.03	2
72.04	11
72.05	5
72.06	6
72.07	10
72.08	12
72.09	7
72.10	3
72.11	6
72.12	3
72.13	4
72.14	6
72.15	7
72.16	6
72.17	4
72.18	5
72.19	3
72.20	12
72.21	6
72.22	4
72.23	11
72.24	7
72.25	7
72.26	9
72.27	11
72.28	5
72.29	11
72.30	7
72.31	5
72.32	6
72.33	5
72.34	8
72.35	7
72.36	9
72.37	5
72.38	11
72.39	6
72.40	5
72.41	7
72.42	7
72.43	4
72.44	7
72.45	6
72.46	7
72.47	8
72.48	3
72.49	13
72.50	11
72.51	12
72.52	5
72.53	6
72.54	6
72.55	5
72.56	8
72.57	4
72.58	8
72.59	5
72.60	7
72.61	7
72.62	2
72.63	7
72.64	6
72.65	8
72.66	10
72.67	9
72.68	8
72.69	7
72.70	3
72.71	4
72.72	5
72.73	1
72.74	4
72.75	8
72.76	3
72.77	4
72.78	5
72.79	8
72.80	9
72.81	8
72.82	2
72.83	9
72.84	8
72.85	8
72.86	6
72.87	5
72.88	5
72.89	5
72.90	6
72.91	7
72.92	7
72.93	9
72.94	6
72.95	3
72.96	6
72.97	3
72.98	3
72.99	6
73.00	8
73.01	0
73.02	5
73.03	6
73.04	8
73.05	4
73.06	3
73.07	9
73.08	14
73.09	1
73.10	5
73.11	7
73.12	3
73.13	4
73.14	4
73.15	4
73.16	8
73.17	5
73.18	4
73.19	6
73.20	6
73.21	3
73.22	6
73.23	9
73.24	5
73.25	5
73.26	5
73.27	10
73.28	6
73.29	9
73.30	11
73.31	6
73.32	8
73.33	8
73.34	7
73.35	12
73.36	1
73.37	3
73.38	9
73.39	4
73.40	9
73.41	7
73.42	6
73.43	10
73.44	4
73.45	4
73.46	4
73.47	12
73.48	10
73.49	7
73.50	8
73.51	6
73.52	7
73.53	7
73.54	7
73.55	6
73.56	7
73.57	8
73.58	13
73.59	5
73.60	8
73.61	7
73.62	6
73.63	6
73.64	10
73.65	6
73.66	5
73.67	6
73.68	6
73.69	10
73.70	4
73.71	9
73.72	5
73.73	11
73.74	6
73.75	10
73.76	5
73.77	6
73.78	6
73.79	5
73.80	10
73.81	7
73.82	8
73.83	5
73.84	10
73.85	7
73.86	2
73.87	4
73.88	7
73.89	12
73.90	3
73.91	5
73.92	6
73.93	9
73.94	2
73.95	4
73.96	2
73.97	3
73.98	4
73.99	7
74.00	4
74.01	10
74.02	4
74.03	4
74.04	9
74.05	4
74.06	7
74.07	9
74.08	4
74.09	5
74.10	3
74.11	6
74.12	4
74.13	8
74.14	8
74.15	3
74.16	5
74.17	6
74.18	8
74.19	8
74.20	8
74.21	4
74.22	12
74.23	6
74.24	7
74.25	8
74.26	6
74.27	3
74.28	5
74.29	9
74.30	7
74.31	3
74.32	7
74.33	9
74.34	11
74.35	4
74.36	6
74.37	10
74.38	7
74.39	8
74.40	7
74.41	6
74.42	3
74.43	9
74.44	3
74.45	8
74.46	8
74.47	5
74.48	7
74.49	6
74.50	7
74.51	5
74.52	8
74.53	5
74.54	7
74.55	8
74.56	10
74.57	10
74.58	7
74.59	2
74.60	5
74.61	5
74.62	7
74.63	7
74.64	8
74.65	10
74.66	8
74.67	6
74.68	9
74.69	4
74.70	8
74.71	5
74.72	5
74.73	7
74.74	7
74.75	4
74.76	4
74.77	2
74.78	5
74.79	8
74.80	2
74.81	8
74.82	6
74.83	6
74.84	7
74.85	5
74.86	3
74.87	7
74.88	6
74.89	4
74.90	5
74.91	7
74.92	6
74.93	8
74.94	13
74.95	8
74.96	9
74.97	6
74.98	4
74.99	8
75.00	8
75.01	6
75.02	4
75.03	5
75.04	10
75.05	7
75.06	7
75.07	9
75.08	8
75.09	7
75.10	5
75.11	4
75.12	7
75.13	5
75.14	9
75.15	9
75.16	6
75.17	6
75.18	8
75.19	9
75.20	5
75.21	13
75.22	10
75.23	5
75.24	6
75.25	9
75.26	9
75.27	10
75.28	4
75.29	2
75.30	5
75.31	5
75.32	5
75.33	4
75.34	5
75.35	6
75.36	7
75.37	7
75.38	5
75.39	7
75.40	3
75.41	9
75.42	6
75.43	4
75.44	4
75.45	4
75.46	11
75.47	5
75.48	6
75.49	4
75.50	2
75.51	7
75.52	4
75.53	4
75.54	10
75.55	4
75.56	10
75.57	5
75.58	8
75.59	8
75.60	5
75.61	7
75.62	10
75.63	9
75.64	3
75.65	5
75.66	5
75.67	5
75.68	5
75.69	8
75.70	9
75.71	4
75.72	9
75.73	8
75.74	8
75.75	5
75.76	6
75.77	9
75.78	5
75.79	2
75.80	9
75.81	8
75.82	11
75.83	5
75.84	11
75.85	6
75.86	9
75.87	13
75.88	8
75.89	6
75.90	5
75.91	6
75.92	9
75.93	8
75.94	10
75.95	6
75.96	5
75.97	10
75.98	6
75.99	6
76.00	6
76.01	6
76.02	9
76.03	10
76.04	11
76.05	10
76.06	13
76.07	13
76.08	7
76.09	11
76.10	11
76.11	9
76.12	6
76.13	14
76.14	12
76.15	16
76.16	13
76.17	8
76.18	20
76.19	6
76.20	11
76.21	14
76.22	12
76.23	13
76.24	10
76.25	16
76.26	19
76.27	23
76.28	22
76.29	27
76.30	23
76.31	44
76.32	50
76.33	72
76.34	100
76.35	155
76.36	189
76.37	235
76.38	230
76.39	188
76.40	157
76.41	102
76.42	85
76.43	60
76.44	57
76.45	32
76.46	45
76.47	22
76.48	13
76.49	22
76.50	18
76.51	20
76.52	25
76.53	26
76.54	35
76.55	31
76.56	51
76.57	69
76.58	100
76.59	136
76.60	130
76.61	99
76.62	76
76.63	62
76.64	62
76.65	32
76.66	35
76.67	23
76.68	24
76.69	17
76.70	26
76.71	14
76.72	13
76.73	12
76.74	10
76.75	14
76.76	13
76.77	14
76.78	15
76.79	12
76.80	12
76.81	9
76.82	9
76.83	14
76.84	7
76.85	15
76.86	11
76.87	11
76.88	8
76.89	10
76.90	14
76.91	14
76.92	7
76.93	10
76.94	8
76.95	13
76.96	10
76.97	6
76.98	6
76.99	13
77.00	10
77.01	10
77.02	10
77.03	7
77.04	8
77.05	10
77.06	8
77.07	9
77.08	12
77.09	7
77.10	10
77.11	9
77.12	11
77.13	4
77.14	10
77.15	7
77.16	10
77.17	7
77.18	7
77.19	6
77.20	6
77.21	7
77.22	7
77.23	10
77.24	13
77.25	10
77.26	6
77.27	4
77.28	3
77.29	11
77.30	5
77.31	7
77.32	8
77.33	6
77.34	12
77.35	8
77.36	16
77.37	11
77.38	10
77.39	4
77.40	14
77.41	14
77.42	8
77.43	3
77.44	4
77.45	11
77.46	8
77.47	5
77.48	9
77.49	8
77.50	11
77.51	5
77.52	7
77.53	5
77.54	7
77.55	4
77.56	6
77.57	9
77.58	7
77.59	7
77.60	8
77.61	7
77.62	11
77.63	11
77.64	12
77.65	11
77.66	4
77.67	6
77.68	4
77.69	7
77.70	8
77.71	6
77.72	8
77.73	11
77.74	13
77.75	2
77.76	6
77.77	11
77.78	4
77.79	12
77.80	5
77.81	5
77.82	17
77.83	12
77.84	9
77.85	15
77.86	14
77.87	6
77.88	6
77.89	6
77.90	4
77.91	7
77.92	11
77.93	10
77.94	6
77.95	11
77.96	4
77.97	9
77.98	6
77.99	8
78.00	7
78.01	1
78.02	10
78.03	13
78.04	8
78.05	5
78.06	9
78.07	8
78.08	5
78.09	6
78.10	7
78.11	8
78.12	10
78.13	8
78.14	8
78.15	10
78.16	9
78.17	9
78.18	5
78.19	13
78.20	14
78.21	3
78.22	4
78.23	8
78.24	1
78.25	8
78.26	4
78.27	8
78.28	4
78.29	12
78.30	9
78.31	8
78.32	4
78.33	5
78.34	4
78.35	8
78.36	6
78.37	7
78.38	7
78.39	10
78.40	9
78.41	7
78.42	9
78.43	7
78.44	0
78.45	9
78.46	4
78.47	3
78.48	13
78.49	6
78.50	7
78.51	7
78.52	7
78.53	8
78.54	10
78.55	14
78.56	8
78.57	11
78.58	8
78.59	6
78.60	8
78.61	7
78.62	6
78.63	5
78.64	0
78.65	3
78.66	7
78.67	7
78.68	4
78.69	3
78.70	9
78.71	3
78.72	11
78.73	2
78.74	6
78.75	6
78.76	5
78.77	5
78.78	5
78.79	7
78.80	6
78.81	6
78.82	5
78.83	8
78.84	10
78.85	8
78.86	4
78.87	6
78.88	3
78.89	10
78.90	2
78.91	7
78.92	15
78.93	5
78.94	12
78.95	9
78.96	5
78.97	9
78.98	7
78.99	3
79.00	7
79.01	6
79.02	7
79.03	10
79.04	14
79.05	5
79.06	8
79.07	7
79.08	8
79.09	5
79.10	5
79.11	16
79.12	8
79.13	11
79.14	3
79.15	9
79.16	9
79.17	6
79.18	6
79.19	3
79.20	6
79.21	5
79.22	8
79.23	7
79.24	10
79.25	8
79.26	11
79.27	4
79.28	5
79.29	6
79.30	7
79.31	6
79.32	5
79.33	6
79.34	7
79.35	3
79.36	8
79.37	5
79.38	9
79.39	5
79.40	9
79.41	7
79.42	7
79.43	10
79.44	7
79.45	6
79.46	6
79.47	1
79.48	5
79.49	8
79.50	3
79.51	6
79.52	4
79.53	7
79.54	6
79.55	7
79.56	9
79.57	8
79.58	11
79.59	5
79.60	6
79.61	5
79.62	12
79.63	4
79.64	5
79.65	5
79.66	5
79.67	5
79.68	6
79.69	5
79.70	11
79.71	7
79.72	5
79.73	4
79.74	5
79.75	11
79.76	6
79.77	5
79.78	6
79.79	4
79.80	7
79.81	5
79.82	2
79.83	9
79.84	3
79.85	3
79.86	4
79.87	0
79.88	5
79.89	6
79.90	7
79.91	7
79.92	2
79.93	6
79.94	5
79.95	9
79.96	2
79.97	7
79.98	10
79.99	7
80.00	7
80.01	7
80.02	5
80.03	6
80.04	6
80.05	6
80.06	5
80.07	5
80.08	7
80.09	6
80.10	6
80.11	10
80.12	9
80.13	9
80.14	10
80.15	5
80.16	6
80.17	9
80.18	4
80.19	9
80.20	4
80.21	5
80.22	6
80.23	5
80.24	10
80.25	6
80.26	3
80.27	6
80.28	6
80.29	8
80.30	6
80.31	8
80.32	8
80.33	11
80.34	6
80.35	10
80.36	10
80.37	4
80.38	9
80.39	1
80.40	4
80.41	5
80.42	8
80.43	5
80.44	1
80.45	4
80.46	6
80.47	10
80.48	6
80.49	6
80.50	6
80.51	5
80.52	6
80.53	8
80.54	5
80.55	9
80.56	15
80.57	6
80.58	7
80.59	8
80.60	6
80.61	5
80.62	8
80.63	5
80.64	6
80.65	11
80.66	11
80.67	10
80.68	5
80.69	13
80.70	6
80.71	6
80.72	7
80.73	6
80.74	5
80.75	4
80.76	4
80.77	7
80.78	4
80.79	5
80.80	12
80.81	4
80.82	3
80.83	6
80.84	5
80.85	6
80.86	3
80.87	11
80.88	8
80.89	9
80.90	7
80.91	10
80.92	8
80.93	9
80.94	7
80.95	10
80.96	9
80.97	4
80.98	6
80.99	1
81.00	7
81.01	2
81.02	6
81.03	5
81.04	7
81.05	6
81.06	6
81.07	4
81.08	4
81.09	10
81.10	11
81.11	8
81.12	7
81.13	5
81.14	6
81.15	4
81.16	10
81.17	9
81.18	6
81.19	8
81.20	11
81.21	10
81.22	6
81.23	6
81.24	6
81.25	6
81.26	8
81.27	4
81.28	6
81.29	8
81.30	9
81.31	8
81.32	6
81.33	4
81.34	7
81.35	10
81.36	4
81.37	6
81.38	15
81.39	6
81.40	6
81.41	8
81.42	6
81.43	7
81.44	3
81.45	7
81.46	5
81.47	4
81.48	8
81.49	5
81.50	2
81.51	2
81.52	6
81.53	5
81.54	7
81.55	4
81.56	4
81.57	2
81.58	7
81.59	5
81.60	6
81.61	9
81.62	7
81.63	5
81.64	8
81.65	8
81.66	3
81.67	6
81.68	4
81.69	8
81.70	5
81.71	8
81.72	6
81.73	3
81.74	5
81.75	7
81.76	9
81.77	6
81.78	7
81.79	8
81.80	10
81.81	5
81.82	9
81.83	8
81.84	6
81.85	4
81.86	5
81.87	8
81.88	6
81.89	9
81.90	6
81.91	7
81.92	6
81.93	6
81.94	6
81.95	4
81.96	8
81.97	6
81.98	4
81.99	4
82.00	2
82.01	6
82.02	5
82.03	5
82.04	10
82.05	9
82.06	8
82.07	7
82.08	8
82.09	6
82.10	5
82.11	5
82.12	11
82.13	0
82.14	7
82.15	5
82.16	5
82.17	5
82.18	6
82.19	9
82.20	8
82.21	6
82.22	4
82.23	11
82.24	5
82.25	5
82.26	13
82.27	4
82.28	4
82.29	12
82.30	4
82.31	5
82.32	5
82.33	7
82.34	9
82.35	5
82.36	2
82.37	7
82.38	9
82.39	4
82.40	9
82.41	6
82.42	6
82.43	5
82.44	7
82.45	9
82.46	11
82.47	8
82.48	7
82.49	3
82.50	3
82.51	5
82.52	7
82.53	3
82.54	5
82.55	4
82.56	3
82.57	6
82.58	3
82.59	8
82.60	7
82.61	7
82.62	2
82.63	2
82.64	2
82.65	5
82.66	6
82.67	14
82.68	2
82.69	8
82.70	6
82.71	8
82.72	6
82.73	4
82.74	3
82.75	4
82.76	4
82.77	3
82.78	6
82.79	7
82.80	5
82.81	3
82.82	5
82.83	6
82.84	6
82.85	6
82.86	6
82.87	9
82.88	8
82.89	5
82.90	6
82.91	7
82.92	4
82.93	3
82.94	2
82.95	7
82.96	8
82.97	4
82.98	5
82.99	4
83.00	5
83.01	9
83.02	8
83.03	8
83.04	3
83.05	8
83.06	8
83.07	6
83.08	6
83.09	6
83.10	5
83.11	8
83.12	8
83.13	9
83.14	3
83.15	4
83.16	3
83.17	6
83.18	7
83.19	7
83.20	10
83.21	9
83.22	10
83.23	5
83.24	6
83.25	2
83.26	8
83.27	5
83.28	8
83.29	5
83.30	4
83.31	2
83.32	4
83.33	8
83.34	4
83.35	3
83.36	6
83.37	7
83.38	5
83.39	9
83.40	5
83.41	8
83.42	5
83.43	7
83.44	7
83.45	2
83.46	7
83.47	0
83.48	6
83.49	6
83.50	9
83.51	9
83.52	9
83.53	8
83.54	16
83.55	3
83.56	7
83.57	7
83.58	6
83.59	8
83.60	6
83.61	9
83.62	8
83.63	6
83.64	19
83.65	8
83.66	13
83.67	9
83.68	4
83.69	6
83.70	7
83.71	2
83.72	5
83.73	2
83.74	6
83.75	5
83.76	4
83.77	2
83.78	10
83.79	4
83.80	4
83.81	7
83.82	4
83.83	5
83.84	9
83.85	11
83.86	7
83.87	7
83.88	6
83.89	5
83.90	6
83.91	12
83.92	5
83.93	5
83.94	7
83.95	7
83.96	3
83.97	8
83.98	6
83.99	7
84.00	4
84.01	8
84.02	12
84.03	6
84.04	5
84.05	10
84.06	5
84.07	8
84.08	4
84.09	10
84.10	5
84.11	9
84.12	9
84.13	2
84.14	4
84.15	8
84.16	10
84.17	5
84.18	9
84.19	5
84.20	6
84.21	5
84.22	5
84.23	11
84.24	8
84.25	5
84.26	8
84.27	8
84.28	6
84.29	2
84.30	8
84.31	8
84.32	9
84.33	1
84.34	6
84.35	8
84.36	10
84.37	6
84.38	4
84.39	7
84.40	7
84.41	9
84.42	8
84.43	5
84.44	7
84.45	6
84.46	8
84.47	6
84.48	5
84.49	10
84.50	10
84.51	7
84.52	10
84.53	8
84.54	4
84.55	5
84.56	8
84.57	16
84.58	6
84.59	9
84.60	6
84.61	7
84.62	3
84.63	7
84.64	8
84.65	2
84.66	8
84.67	11
84.68	11
84.69	5
84.70	4
84.71	4
84.72	5
84.73	9
84.74	9
84.75	9
84.76	5
84.77	7
84.78	9
84.79	6
84.80	8
84.81	6
84.82	4
84.83	5
84.84	3
84.85	6
84.86	5
84.87	12
84.88	4
84.89	6
84.90	3
84.91	4
84.92	5
84.93	5
84.94	7
84.95	2
84.96	9
84.97	2
84.98	7
84.99	6
85.00	4
85.01	5
85.02	4
85.03	7
85.04	2
85.05	2
85.06	3
85.07	7
85.08	6
85.09	9
85.10	8
85.11	8
85.12	2
85.13	3
85.14	4
85.15	3
85.16	8
85.17	5
85.18	5
85.19	7
85.20	7
85.21	7
85.22	6
85.23	11
85.24	7
85.25	4
85.26	5
85.27	6
85.28	7
85.29	4
85.30	8
85.31	3
85.32	5
85.33	10
85.34	3
85.35	4
85.36	6
85.37	10
85.38	5
85.39	2
85.40	8
85.41	9
85.42	4
85.43	7
85.44	3
85.45	7
85.46	6
85.47	8
85.48	9
85.49	5
85.50	4
85.51	2
85.52	8
85.53	5
85.54	5
85.55	5
85.56	3
85.57	6
85.58	5
85.59	8
85.60	8
85.61	6
85.62	4
85.63	11
85.64	7
85.65	6
85.66	9
85.67	6
85.68	6
85.69	6
85.70	5
85.71	10
85.72	4
85.73	8
85.74	7
85.75	5
85.76	3
85.77	9
85.78	8
85.79	3
85.80	3
85.81	4
85.82	5
85.83	14
85.84	10
85.85	8
85.86	8
85.87	10
85.88	12
85.89	6
85.90	3
85.91	8
85.92	6
85.93	7
85.94	7
85.95	10
85.96	10
85.97	3
85.98	6
85.99	7
86.00	6
86.01	8
86.02	7
86.03	5
86.04	5
86.05	7
86.06	9
86.07	8
86.08	5
86.09	8
86.10	6
86.11	9
86.12	3
86.13	10
86.14	7
86.15	6
86.16	8
86.17	3
86.18	7
86.19	6
86.20	0
86.21	3
86.22	7
86.23	7
86.24	5
86.25	7
86.26	9
86.27	13
86.28	9
86.29	9
86.30	5
86.31	7
86.32	5
86.33	6
86.34	9
86.35	4
86.36	6
86.37	6
86.38	7
86.39	9
86.40	5
86.41	2
86.42	3
86.43	10
86.44	12
86.45	4
86.46	4
86.47	12
86.48	6
86.49	5
86.50	9
86.51	6
86.52	10
86.53	8
86.54	7
86.55	7
86.56	3
86.57	8
86.58	7
86.59	11
86.60	4
86.61	7
86.62	12
86.63	7
86.64	4
86.65	6
86.66	6
86.67	9
86.68	8
86.69	9
86.70	3
86.71	11
86.72	4
86.73	7
86.74	7
86.75	7
86.76	6
86.77	3
86.78	6
86.79	11
86.80	7
86.81	6
86.82	4
86.83	6
86.84	6
86.85	9
86.86	8
86.87	5
86.88	5
86.89	9
86.90	5
86.91	3
86.92	4
86.93	1
86.94	10
86.95	5
86.96	7
86.97	7
86.98	5
86.99	11
87.00	4
87.01	3
87.02	6
87.03	7
87.04	7
87.05	6
87.06	9
87.07	7
87.08	6
87.09	5
87.10	7
87.11	9
87.12	8
87.13	9
87.14	12
87.15	3
87.16	8
87.17	8
87.18	12
87.19	7
87.20	13
87.21	6
87.22	5
87.23	8
87.24	7
87.25	6
87.26	3
87.27	7
87.28	8
87.29	6
87.30	8
87.31	7
87.32	6
87.33	12
87.34	5
87.35	5
87.36	12
87.37	12
87.38	5
87.39	4
87.40	9
87.41	6
87.42	10
87.43	7
87.44	10
87.45	10
87.46	8
87.47	11
87.48	7
87.49	8
87.50	11
87.51	11
87.52	7
87.53	8
87.54	10
87.55	8
87.56	9
87.57	14
87.58	12
87.59	11
87.60	10
87.61	11
87.62	14
87.63	5
87.64	8
87.65	7
87.66	2
87.67	11
87.68	12
87.69	12
87.70	14
87.71	11
87.72	6
87.73	15
87.74	12
87.75	6
87.76	11
87.77	13
87.78	9
87.79	12
87.80	9
87.81	12
87.82	15
87.83	13
87.84	11
87.85	12
87.86	17
87.87	12
87.88	17
87.89	19
87.90	25
87.91	31
87.92	24
87.93	23
87.94	31
87.95	46
87.96	57
87.97	59
87.98	70
87.99	103
88.00	124
88.01	198
88.02	184
88.03	308
88.04	336
88.05	282
88.06	279
88.07	202
88.08	156
88.09	102
88.10	75
88.11	62
88.12	59
88.13	44
88.14	34
88.15	34
88.16	27
88.17	30
88.18	26
88.19	22
88.20	24
88.21	30
88.22	26
88.23	37
88.24	43
88.25	37
88.26	54
88.27	60
88.28	74
88.29	112
88.30	124
88.31	146
88.32	135
88.33	163
88.34	134
88.35	83
88.36	57
88.37	51
88.38	35
88.39	43
88.40	37
88.41	21
88.42	29
88.43	21
88.44	15
88.45	22
88.46	26
88.47	21
88.48	14
88.49	11
88.50	13
88.51	8
88.52	13
88.53	15
88.54	15
88.55	8
88.56	8
88.57	11
88.58	5
88.59	10
88.60	5
88.61	12
88.62	9
88.63	11
88.64	4
88.65	11
88.66	13
88.67	6
88.68	5
88.69	8
88.70	4
88.71	7
88.72	10
88.73	13
88.74	8
88.75	10
88.76	6
88.77	5
88.78	10
88.79	6
88.80	8
88.81	11
88.82	5
88.83	4
88.84	6
88.85	8
88.86	8
88.87	8
88.88	6
88.89	5
88.90	6
88.91	8
88.92	13
88.93	12
88.94	4
88.95	14
88.96	4
88.97	11
88.98	10
88.99	5
89.00	7
89.01	11
89.02	3
89.03	8
89.04	7
89.05	8
89.06	7
89.07	6
89.08	9
89.09	6
89.10	1
89.11	10
89.12	8
89.13	9
89.14	7
89.15	4
89.16	5
89.17	8
89.18	3
89.19	6
89.20	5
89.21	8
89.22	7
89.23	11
89.24	6
89.25	5
89.26	3
89.27	2
89.28	6
89.29	12
89.30	4
89.31	11
89.32	6
89.33	9
89.34	11
89.35	4
89.36	6
89.37	8
89.38	5
89.39	5
89.40	11
89.41	9
89.42	10
89.43	10
89.44	5
89.45	6
89.46	4
89.47	4
89.48	7
89.49	9
89.50	10
89.51	6
89.52	9
89.53	6
89.54	9
89.55	6
89.56	2
89.57	2
89.58	5
89.59	8
89.60	4
89.61	9
89.62	9
89.63	10
89.64	8
89.65	6
89.66	8
89.67	7
89.68	4
89.69	10
89.70	9
89.71	3
89.72	7
89.73	6
89.74	2
89.75	5
89.76	4
89.77	11
89.78	6
89.79	2
89.80	3
89.81	9
89.82	8
89.83	7
89.84	10
89.85	10
89.86	7
89.87	6
89.88	8
89.89	8
89.90	8
89.91	8
89.92	7
89.93	9
89.94	9
89.95	8
89.96	9
89.97	3
89.98	7
89.99	3
90.00	10